1.00000000 0.00000000
0.98989899 0.00341847
0.97979798 0.00613930
0.96969697 0.00871242
0.95959596 0.01124929
0.94949495 0.01379429
0.93939394 0.01633502
0.92929293 0.01887586
0.91919192 0.02143450
0.90909091 0.02403436
0.89898990 0.02667962
0.88888889 0.02936227
0.87878788 0.03208114
0.86868687 0.03483759
0.85858586 0.03762383
0.84848485 0.04042718
0.83838384 0.04324187
0.82828283 0.04606905
0.81818182 0.04891230
0.80808081 0.05178076
0.79797980 0.05468332
0.78787879 0.05761341
0.77777778 0.06055356
0.76767677 0.06348382
0.75757576 0.06637539
0.74747475 0.06919726
0.73737374 0.07192315
0.72727273 0.07453582
0.71717172 0.07701925
0.70707071 0.07936221
0.69696970 0.08155985
0.68686869 0.08360812
0.67676768 0.08551319
0.66666667 0.08729310
0.65656566 0.08896642
0.64646465 0.09054548
0.63636364 0.09203480
0.62626263 0.09343834
0.61616162 0.09475628
0.60606061 0.09598264
0.59595960 0.09711087
0.58585859 0.09813630
0.57575758 0.09905902
0.56565657 0.09987984
0.55555556 0.10059987
0.54545455 0.10122148
0.53535354 0.10174738
0.52525253 0.10218061
0.51515152 0.10252702
0.50505051 0.10279400
0.49494949 0.10298879
0.48484848 0.10311582
0.47474747 0.10317667
0.46464646 0.10317279
0.45454545 0.10310471
0.44444444 0.10297120
0.43434343 0.10277086
0.42424242 0.10250283
0.41414141 0.10216826
0.40404040 0.10176872
0.39393939 0.10130558
0.38383838 0.10077874
0.37373737 0.10018749
0.36363636 0.09953120
0.35353535 0.09880959
0.34343434 0.09802263
0.33333333 0.09717027
0.32323232 0.09625209
0.31313131 0.09526735
0.30303030 0.09421532
0.29292929 0.09309520
0.28282828 0.09190617
0.27272727 0.09064731
0.26262626 0.08931696
0.25252525 0.08791283
0.24242424 0.08643257
0.23232323 0.08487334
0.22222222 0.08323204
0.21212121 0.08150589
0.20202020 0.07969350
0.19191919 0.07779373
0.18181818 0.07580311
0.17171717 0.07371481
0.16161616 0.07152191
0.15151515 0.06921845
0.14141414 0.06679872
0.13131313 0.06425446
0.12121212 0.06157478
0.11111111 0.05874823
0.10101010 0.05576254
0.09090909 0.05260238
0.08080808 0.04924621
0.07070707 0.04566369
0.06060606 0.04181096
0.05050505 0.03762501
0.04040404 0.03304291
0.03030303 0.02798801
0.02020202 0.02204474
0.01010101 0.01495400
0.00000000 0.00000000
0.00000000 0.00000000
0.01010101 -0.00858852
0.02020202 -0.01118597
0.03030303 -0.01312896
0.04040404 -0.01459904
0.05050505 -0.01586841
0.06060606 -0.01694778
0.07070707 -0.01788009
0.08080808 -0.01871344
0.09090909 -0.01946734
0.10101010 -0.02015238
0.11111111 -0.02077511
0.12121212 -0.02134578
0.13131313 -0.02187572
0.14141414 -0.02236848
0.15151515 -0.02282336
0.16161616 -0.02324269
0.17171717 -0.02363186
0.18181818 -0.02399502
0.19191919 -0.02433269
0.20202020 -0.02464488
0.21212121 -0.02493319
0.22222222 -0.02520031
0.23232323 -0.02544858
0.24242424 -0.02567884
0.25252525 -0.02589156
0.26262626 -0.02608746
0.27272727 -0.02626770
0.28282828 -0.02643346
0.29292929 -0.02658497
0.30303030 -0.02672116
0.31313131 -0.02684094
0.32323232 -0.02694450
0.33333333 -0.02703359
0.34343434 -0.02710998
0.35353535 -0.02717402
0.36363636 -0.02722426
0.37373737 -0.02725914
0.38383838 -0.02727844
0.39393939 -0.02728415
0.40404040 -0.02727843
0.41414141 -0.02726236
0.42424242 -0.02723426
0.43434343 -0.02719198
0.44444444 -0.02713394
0.45454545 -0.02706101
0.46464646 -0.02697470
0.47474747 -0.02687633
0.48484848 -0.02676510
0.49494949 -0.02663912
0.50505051 -0.02649652
0.51515152 -0.02633670
0.52525253 -0.02616029
0.53535354 -0.02596797
0.54545455 -0.02575975
0.55555556 -0.02553426
0.56565657 -0.02529004
0.57575758 -0.02502562
0.58585859 -0.02473965
0.59595960 -0.02443080
0.60606061 -0.02409759
0.61616162 -0.02373757
0.62626263 -0.02334792
0.63636364 -0.02292593
0.64646465 -0.02247042
0.65656566 -0.02198111
0.66666667 -0.02145727
0.67676768 -0.02089077
0.68686869 -0.02026761
0.69696970 -0.01957371
0.70707071 -0.01879599
0.71717172 -0.01792221
0.72727273 -0.01694076
0.73737374 -0.01584812
0.74747475 -0.01464693
0.75757576 -0.01334143
0.76767677 -0.01194856
0.77777778 -0.01049179
0.78787879 -0.00899721
0.79797980 -0.00750110
0.80808081 -0.00604214
0.81818182 -0.00465011
0.82828283 -0.00334215
0.83838384 -0.00213229
0.84848485 -0.00102125
0.85858586 -0.00000506
0.86868687 0.00091467
0.87878788 0.00173072
0.88888889 0.00243593
0.89898990 0.00302372
0.90909091 0.00348708
0.91919192 0.00381805
0.92929293 0.00401249
0.93939394 0.00407125
0.94949495 0.00398339
0.95959596 0.00372677
0.96969697 0.00327343
0.97979798 0.00260323
0.98989899 0.00165428
1.00000000 0.00000000
