1.00000000 -0.00000000
0.98989899 0.01153527
0.97979798 0.01799458
0.96969697 0.02375790
0.95959596 0.02892039
0.94949495 0.03377121
0.93939394 0.03836824
0.92929293 0.04277315
0.91919192 0.04702549
0.90909091 0.05115311
0.89898990 0.05517809
0.88888889 0.05911526
0.87878788 0.06297378
0.86868687 0.06676633
0.85858586 0.07050767
0.84848485 0.07420554
0.83838384 0.07786197
0.82828283 0.08148049
0.81818182 0.08506683
0.80808081 0.08862646
0.79797980 0.09216347
0.78787879 0.09568158
0.77777778 0.09918333
0.76767677 0.10267036
0.75757576 0.10614419
0.74747475 0.10960593
0.73737374 0.11305663
0.72727273 0.11649831
0.71717172 0.11993434
0.70707071 0.12336816
0.69696970 0.12680159
0.68686869 0.13023517
0.67676768 0.13366936
0.66666667 0.13710444
0.65656566 0.14054057
0.64646465 0.14397807
0.63636364 0.14741840
0.62626263 0.15086354
0.61616162 0.15431531
0.60606061 0.15777422
0.59595960 0.16124025
0.58585859 0.16471329
0.57575758 0.16819289
0.56565657 0.17167840
0.55555556 0.17516924
0.54545455 0.17866549
0.53535354 0.18216759
0.52525253 0.18567593
0.51515152 0.18919011
0.50505051 0.19270906
0.49494949 0.19623152
0.48484848 0.19975136
0.47474747 0.20325757
0.46464646 0.20673911
0.45454545 0.21019230
0.44444444 0.21362322
0.43434343 0.21703802
0.42424242 0.22039548
0.41414141 0.22357314
0.40404040 0.22644073
0.39393939 0.22890147
0.38383838 0.23092821
0.37373737 0.23250262
0.36363636 0.23363207
0.35353535 0.23438295
0.34343434 0.23482982
0.33333333 0.23501695
0.32323232 0.23492184
0.31313131 0.23451325
0.30303030 0.23378026
0.29292929 0.23274853
0.28282828 0.23144715
0.27272727 0.22989261
0.26262626 0.22808601
0.25252525 0.22602762
0.24242424 0.22371886
0.23232323 0.22116195
0.22222222 0.21835775
0.21212121 0.21530131
0.20202020 0.21198615
0.19191919 0.20840671
0.18181818 0.20455868
0.17171717 0.20043627
0.16161616 0.19602640
0.15151515 0.19131376
0.14141414 0.18628142
0.13131313 0.18091109
0.12121212 0.17518153
0.11111111 0.16906757
0.10101010 0.16253453
0.09090909 0.15553404
0.08080808 0.14800978
0.07070707 0.13989504
0.06060606 0.13109566
0.05050505 0.12147176
0.04040404 0.11080013
0.03030303 0.09882059
0.02020202 0.08462399
0.01010101 0.06720632
0.00000000 0.02924000
0.00000000 0.02924000
0.01010101 -0.01544543
0.02020202 -0.02670769
0.03030303 -0.03237630
0.04040404 -0.03532221
0.05050505 -0.03760772
0.06060606 -0.03938310
0.07070707 -0.04089648
0.08080808 -0.04219970
0.09090909 -0.04328822
0.10101010 -0.04419545
0.11111111 -0.04495110
0.12121212 -0.04557790
0.13131313 -0.04609405
0.14141414 -0.04651438
0.15151515 -0.04684725
0.16161616 -0.04709593
0.17171717 -0.04726547
0.18181818 -0.04736348
0.19191919 -0.04739672
0.20202020 -0.04736841
0.21212121 -0.04728119
0.22222222 -0.04714078
0.23232323 -0.04695527
0.24242424 -0.04673137
0.25252525 -0.04647039
0.26262626 -0.04617237
0.27272727 -0.04583885
0.28282828 -0.04547352
0.29292929 -0.04508016
0.30303030 -0.04466112
0.31313131 -0.04421755
0.32323232 -0.04375049
0.33333333 -0.04326036
0.34343434 -0.04274724
0.35353535 -0.04221103
0.36363636 -0.04165054
0.37373737 -0.04106410
0.38383838 -0.04044990
0.39393939 -0.03980529
0.40404040 -0.03912726
0.41414141 -0.03841280
0.42424242 -0.03765915
0.43434343 -0.03686362
0.44444444 -0.03602346
0.45454545 -0.03513491
0.46464646 -0.03419368
0.47474747 -0.03319551
0.48484848 -0.03213699
0.49494949 -0.03101535
0.50505051 -0.02982784
0.51515152 -0.02857169
0.52525253 -0.02724411
0.53535354 -0.02584235
0.54545455 -0.02436464
0.55555556 -0.02281058
0.56565657 -0.02117984
0.57575758 -0.01947213
0.58585859 -0.01768719
0.59595960 -0.01582479
0.60606061 -0.01388757
0.61616162 -0.01188415
0.62626263 -0.00982391
0.63636364 -0.00771620
0.64646465 -0.00557030
0.65656566 -0.00339553
0.66666667 -0.00120297
0.67676768 0.00099229
0.68686869 0.00317464
0.69696970 0.00532957
0.70707071 0.00744452
0.71717172 0.00950717
0.72727273 0.01150611
0.73737374 0.01343101
0.74747475 0.01527170
0.75757576 0.01701877
0.76767677 0.01866331
0.77777778 0.02019703
0.78787879 0.02161413
0.79797980 0.02290945
0.80808081 0.02407703
0.81818182 0.02510984
0.82828283 0.02600097
0.83838384 0.02674448
0.84848485 0.02733441
0.85858586 0.02776120
0.86868687 0.02801258
0.87878788 0.02807540
0.88888889 0.02793554
0.89898990 0.02757982
0.90909091 0.02699643
0.91919192 0.02617104
0.92929293 0.02508386
0.93939394 0.02368971
0.94949495 0.02192181
0.95959596 0.01969525
0.96969697 0.01692895
0.97979798 0.01336405
0.98989899 0.00890199
1.00000000 0.00000000
