0.99999632 0.00000000
0.98987996 0.00563584
0.97976077 0.01231845
0.96964917 0.01622419
0.95953583 0.02074981
0.94942363 0.02485584
0.93931034 0.02936158
0.92919840 0.03337341
0.91908501 0.03791649
0.90897633 0.04074729
0.89886455 0.04469921
0.88875379 0.04827331
0.87864265 0.05198640
0.86853297 0.05516510
0.85842214 0.05876408
0.84831250 0.06195003
0.83820275 0.06515288
0.82809335 0.06822549
0.81798446 0.07111363
0.80787357 0.07473409
0.79776515 0.07744598
0.78765663 0.08021729
0.77754773 0.08310799
0.76743897 0.08594713
0.75733013 0.08881476
0.74722161 0.09156238
0.73711444 0.09383919
0.72700618 0.09649319
0.71689700 0.09948248
0.70679069 0.10141811
0.69668237 0.10409653
0.68657544 0.10625832
0.67646807 0.10860558
0.66635990 0.11122672
0.65625427 0.11291081
0.64614747 0.11502904
0.63604098 0.11702949
0.62593315 0.11952590
0.61582753 0.12122976
0.60572083 0.12330820
0.59561434 0.12530697
0.58550850 0.12706927
0.57540283 0.12876922
0.56529638 0.13075847
0.55519064 0.13250393
0.54508560 0.13397011
0.53498061 0.13542246
0.52487435 0.13733613
0.51477041 0.13839786
0.50466434 0.14024534
0.49455953 0.14164029
0.48445470 0.14302923
0.47435075 0.14410581
0.46424575 0.14555861
0.45414177 0.14663799
0.44403763 0.14778237
0.43393343 0.14894013
0.42382958 0.14996887
0.41372595 0.15092717
0.40362251 0.15180729
0.39351913 0.15266366
0.38341673 0.15316598
0.37331466 0.15353979
0.36321146 0.15434297
0.35310993 0.15451383
0.34300838 0.15469708
0.33290720 0.15475383
0.32280620 0.15473050
0.31270475 0.15487725
0.30260524 0.15431754
0.29250479 0.15409265
0.28240498 0.15363358
0.27230624 0.15278989
0.26220805 0.15173549
0.25211034 0.15049918
0.24201310 0.14910059
0.23191564 0.14778021
0.22181874 0.14625282
0.21172396 0.14393883
0.20162845 0.14190051
0.19153426 0.13937558
0.18144046 0.13670915
0.17134717 0.13384713
0.16125600 0.13020933
0.15116434 0.12675221
0.14107365 0.12293256
0.13098315 0.11904826
0.12089526 0.11419911
0.11080821 0.10904295
0.10072242 0.10342139
0.09063895 0.09694531
0.08055648 0.09010023
0.07047268 0.08374488
0.06039658 0.07455084
0.05031756 0.06643454
0.04024190 0.05708204
0.03016627 0.04771753
0.02009596 0.03639252
0.01002786 0.02425295
-0.00000737 0.00000000
-0.00000492 -0.00090119
0.01010097 -0.00268661
0.02020195 -0.00265920
0.03030292 -0.00263178
0.04040389 -0.00260437
0.05050486 -0.00257696
0.06060584 -0.00254954
0.07070456 -0.00169449
0.08080539 -0.00161433
0.09090287 -0.00029767
0.10100216 0.00034877
0.11110095 0.00118186
0.12120174 0.00127293
0.13130151 0.00174487
0.14140129 0.00220987
0.15150092 0.00273573
0.16160015 0.00340508
0.17169981 0.00391252
0.18179908 0.00457204
0.19189715 0.00566715
0.20199644 0.00631439
0.21209503 0.00721596
0.22219432 0.00787066
0.23229229 0.00900159
0.24238963 0.01036646
0.25248965 0.01074066
0.26258835 0.01161004
0.27268620 0.01279080
0.28278608 0.01321536
0.29288411 0.01433175
0.30298196 0.01551361
0.31308095 0.01626394
0.32317890 0.01740694
0.33327727 0.01840042
0.34337595 0.01926239
0.35347369 0.02048550
0.36357291 0.02116376
0.37367043 0.02245440
0.38376902 0.02336650
0.39386794 0.02414269
0.40396558 0.02540240
0.41406417 0.02631097
0.42416302 0.02711342
0.43426096 0.02825967
0.44435995 0.02902192
0.45445823 0.03003534
0.46455772 0.03061362
0.47465658 0.03142164
0.48475537 0.03224603
0.49485464 0.03290567
0.50495428 0.03341555
0.51505285 0.03433295
0.52515259 0.03481792
0.53525192 0.03545639
0.54535110 0.03614762
0.55545103 0.03656128
0.56554964 0.03744193
0.57564958 0.03785248
0.58575005 0.03806946
0.59584971 0.03858453
0.60595059 0.03865105
0.61604897 0.03963788
0.62615046 0.03945728
0.63624980 0.04008837
0.64635040 0.04025752
0.65645115 0.04037074
0.66655202 0.04043841
0.67665351 0.04027977
0.68675393 0.04049229
0.69685500 0.04049059
0.70695520 0.04080434
0.71705568 0.04101602
0.72715765 0.04068015
0.73725920 0.04049942
0.74736027 0.04047197
0.75746118 0.04052931
0.76756281 0.04031720
0.77766594 0.03955432
0.78776771 0.03929054
0.79786906 0.03916161
0.80797237 0.03833197
0.81807497 0.03776135
0.82817816 0.03697757
0.83828174 0.03604959
0.84838421 0.03552569
0.85848904 0.03411646
0.86859297 0.03305875
0.87869881 0.03129570
0.88880264 0.03027310
0.89890981 0.02802124
0.90901533 0.02637642
0.91912093 0.02468106
0.92922796 0.02247983
0.93933399 0.02064801
0.94944219 0.01801653
0.95955004 0.01551379
0.96966012 0.01219067
0.97976628 0.01028913
0.98988262 0.00465574
0.99999260 0.00137138
