0.99989596 0.00000000
0.98977646 0.00154108
0.97965277 0.00344564
0.96952941 0.00532597
0.95940577 0.00722588
0.94928157 0.00917373
0.93915650 0.01119761
0.92903176 0.01319231
0.91890902 0.01501408
0.90878627 0.01684143
0.89866364 0.01865435
0.88853788 0.02073741
0.87841411 0.02264861
0.86828871 0.02470041
0.85816557 0.02655639
0.84804051 0.02858483
0.83791793 0.03039248
0.82779306 0.03239877
0.81767134 0.03413251
0.80754547 0.03622454
0.79742227 0.03808610
0.78729420 0.04037481
0.77717029 0.04229788
0.76704540 0.04430623
0.75692114 0.04625921
0.74679558 0.04832508
0.73667238 0.05019223
0.72655030 0.05195649
0.71642679 0.05384481
0.70630222 0.05582482
0.69618267 0.05737093
0.68606009 0.05917888
0.67593909 0.06085528
0.66581638 0.06267428
0.65569771 0.06414399
0.64557833 0.06567480
0.63545893 0.06720759
0.62534105 0.06860817
0.61522451 0.06989905
0.60510588 0.07136470
0.59498979 0.07261067
0.58487111 0.07408107
0.57475722 0.07513739
0.56464093 0.07640049
0.55452799 0.07737900
0.54441230 0.07859032
0.53430051 0.07946500
0.52418775 0.08042259
0.51407695 0.08121059
0.50396596 0.08201558
0.49385756 0.08259882
0.48374531 0.08351201
0.47363907 0.08390861
0.46353109 0.08445221
0.45342557 0.08478346
0.44331823 0.08527471
0.43321271 0.08560586
0.42310836 0.08583615
0.41300561 0.08592959
0.40289846 0.08640167
0.39279913 0.08619765
0.38269616 0.08631034
0.37259613 0.08616613
0.36249482 0.08613587
0.35239608 0.08588008
0.34229790 0.08557586
0.33219956 0.08528822
0.32210105 0.08501193
0.31200523 0.08450385
0.30191184 0.08378767
0.29181614 0.08326899
0.28172049 0.08274512
0.27162685 0.08205087
0.26153395 0.08128970
0.25144058 0.08056900
0.24134640 0.07991996
0.23125667 0.07888552
0.22116571 0.07795744
0.21107644 0.07688199
0.20098766 0.07576542
0.19090215 0.07436584
0.18081776 0.07286859
0.17073427 0.07129298
0.16065025 0.06976484
0.15057234 0.06770666
0.14049265 0.06580250
0.13041474 0.06374439
0.12033746 0.06163207
0.11026349 0.05923295
0.10019091 0.05671338
0.09012038 0.05401736
0.08005858 0.05056474
0.06999820 0.04698860
0.05994484 0.04280548
0.04988529 0.03915856
0.03983803 0.03444766
0.02979536 0.02933888
0.01976545 0.02312613
0.00974959 0.01569665
-0.00017077 0.00000000
-0.00016475 -0.00052067
0.01004342 -0.00973850
0.02018758 -0.01341504
0.03027558 -0.01223118
0.04038784 -0.01314610
0.05048683 -0.01291281
0.06058480 -0.01259182
0.07068147 -0.01215794
0.08078013 -0.01189554
0.09087304 -0.01113624
0.10096753 -0.01051373
0.11106761 -0.01037440
0.12116734 -0.01020614
0.13126515 -0.00987031
0.14136351 -0.00958263
0.15146125 -0.00924048
0.16156184 -0.00914603
0.17165838 -0.00870179
0.18175773 -0.00849859
0.19185643 -0.00824087
0.20195601 -0.00805922
0.21205545 -0.00786509
0.22215593 -0.00776003
0.23225602 -0.00762228
0.24235563 -0.00744290
0.25245539 -0.00727699
0.26255633 -0.00721148
0.27265727 -0.00714653
0.28276025 -0.00726045
0.29285995 -0.00708780
0.30296215 -0.00713171
0.31306004 -0.00680485
0.32315989 -0.00664523
0.33326010 -0.00651681
0.34336100 -0.00645016
0.35345829 -0.00606954
0.36355963 -0.00603877
0.37365797 -0.00575062
0.38375999 -0.00577907
0.39386142 -0.00575885
0.40395796 -0.00531282
0.41406137 -0.00546088
0.42416238 -0.00540401
0.43426486 -0.00547206
0.44436443 -0.00528815
0.45446520 -0.00521057
0.46456783 -0.00529161
0.47466604 -0.00499017
0.48476457 -0.00471915
0.49486714 -0.00479442
0.50496793 -0.00471874
0.51506759 -0.00454279
0.52516922 -0.00453711
0.53527195 -0.00462743
0.54537086 -0.00438609
0.55547201 -0.00433876
0.56556895 -0.00393263
0.57567070 -0.00393702
0.58576946 -0.00368305
0.59587160 -0.00372199
0.60597197 -0.00360698
0.61607120 -0.00339362
0.62617131 -0.00326169
0.63626997 -0.00299964
0.64637084 -0.00292814
0.65647087 -0.00278413
0.66657062 -0.00261559
0.67667245 -0.00262765
0.68677191 -0.00243909
0.69687334 -0.00241605
0.70697355 -0.00228807
0.71707402 -0.00218179
0.72717519 -0.00213600
0.73727561 -0.00202576
0.74737706 -0.00200972
0.75747989 -0.00210852
0.76757934 -0.00191370
0.77768280 -0.00206719
0.78778532 -0.00213882
0.79788776 -0.00220812
0.80798920 -0.00218606
0.81808997 -0.00210576
0.82819278 -0.00220308
0.83829507 -0.00225418
0.84839744 -0.00231236
0.85850069 -0.00245298
0.86860366 -0.00256275
0.87870577 -0.00259868
0.88880903 -0.00273417
0.89891258 -0.00289523
0.90901163 -0.00266581
0.91911324 -0.00266449
0.92921526 -0.00269240
0.93932043 -0.00299289
0.94942205 -0.00298716
0.95952768 -0.00332749
0.96962878 -0.00327617
0.97973004 -0.00324394
0.98981444 -0.00174664
0.99991083 -0.00128729
