0.99999957 0.00000000
0.98989618 0.00252947
0.97979246 0.00542655
0.96968964 0.00741538
0.95958640 0.00978421
0.94948291 0.01242511
0.93938048 0.01394145
0.92927699 0.01658411
0.91917419 0.01848853
0.90907157 0.02026430
0.89896826 0.02270481
0.88886569 0.02436182
0.87876279 0.02638143
0.86865984 0.02844616
0.85855717 0.03020658
0.84845429 0.03225758
0.83835131 0.03435765
0.82824877 0.03598659
0.81814579 0.03807564
0.80804296 0.04001124
0.79794040 0.04166163
0.78783730 0.04394520
0.77773466 0.04568100
0.76763189 0.04755717
0.75752879 0.04978308
0.74742615 0.05151632
0.73732335 0.05348166
0.72722100 0.05490186
0.71711849 0.05649136
0.70701584 0.05823116
0.69691299 0.06019039
0.68681031 0.06197221
0.67670814 0.06326503
0.66660561 0.06487736
0.65650290 0.06667817
0.64640022 0.06846112
0.63629760 0.07017221
0.62619562 0.07118740
0.61609326 0.07269262
0.60599082 0.07420750
0.59588872 0.07535611
0.58578647 0.07667745
0.57568448 0.07770647
0.56558162 0.07968057
0.55547986 0.08052496
0.54537759 0.08185914
0.53527548 0.08302325
0.52517315 0.08442604
0.51507125 0.08537012
0.50496908 0.08659285
0.49486738 0.08734622
0.48476519 0.08859511
0.47466332 0.08953823
0.46456149 0.09039830
0.45445959 0.09133772
0.44435777 0.09222857
0.43425577 0.09326739
0.42415422 0.09383324
0.41405228 0.09485227
0.40395062 0.09553367
0.39384911 0.09605306
0.38374736 0.09685504
0.37364588 0.09734529
0.36354439 0.09787940
0.35344292 0.09835418
0.34334162 0.09864878
0.33324044 0.09884642
0.32313859 0.09973334
0.31303746 0.09984480
0.30293599 0.10036103
0.29283478 0.10055605
0.28273329 0.10105974
0.27263246 0.10087777
0.26253141 0.10090927
0.25243067 0.10059706
0.24233013 0.10009027
0.23222976 0.09940982
0.22212918 0.09894523
0.21202901 0.09803661
0.20192892 0.09704789
0.19182954 0.09529670
0.18172947 0.09428929
0.17163033 0.09226417
0.16153111 0.09034925
0.15143190 0.08842193
0.14133344 0.08566590
0.13123460 0.08333834
0.12113630 0.08042918
0.11103830 0.07719852
0.10094077 0.07346152
0.09084329 0.06967540
0.08074636 0.06529547
0.07064975 0.06057085
0.06055405 0.05487149
0.05045865 0.04884984
0.04036358 0.04247310
0.03026884 0.03574835
0.02017544 0.02758419
0.01008474 0.01651915
-0.00000087 0.00000000
-0.00000162 0.00080898
0.01010101 -0.00092309
0.02020201 -0.00091368
0.03030302 -0.00090426
0.04040402 -0.00089484
0.05050503 -0.00088542
0.06060603 -0.00087600
0.07070704 -0.00086658
0.08080805 -0.00085716
0.09090868 -0.00044237
0.10100980 -0.00056372
0.11111076 -0.00050814
0.12121195 -0.00069670
0.13131269 -0.00040225
0.14141399 -0.00070590
0.15151491 -0.00059921
0.16161609 -0.00078180
0.17171709 -0.00077239
0.18181794 -0.00058731
0.19191911 -0.00075355
0.20202008 -0.00070720
0.21212111 -0.00073471
0.22222213 -0.00072529
0.23232313 -0.00071587
0.24242413 -0.00070645
0.25252513 -0.00069703
0.26262615 -0.00068761
0.27272716 -0.00067819
0.28282815 -0.00066877
0.29292916 -0.00065935
0.30303018 -0.00064993
0.31313117 -0.00064051
0.32323218 -0.00063110
0.33333320 -0.00062168
0.34343418 -0.00061226
0.35353520 -0.00060284
0.36363613 -0.00049561
0.37373720 -0.00058400
0.38383822 -0.00057458
0.39393920 -0.00056516
0.40404004 -0.00035863
0.41414124 -0.00054632
0.42424222 -0.00053690
0.43434324 -0.00052748
0.44444425 -0.00051806
0.45454524 -0.00050864
0.46464626 -0.00049922
0.47474727 -0.00048981
0.48484826 -0.00048039
0.49494927 -0.00047097
0.50505026 -0.00046155
0.51515128 -0.00045213
0.52525229 -0.00044271
0.53535328 -0.00039774
0.54545421 -0.00030368
0.55555534 -0.00041445
0.56565617 -0.00026737
0.57575715 -0.00022273
0.58585833 -0.00038619
0.59595903 -0.00003935
0.60606031 -0.00031434
0.61616102 0.00002455
0.62626209 -0.00008322
0.63636321 -0.00018496
0.64646416 -0.00011063
0.65656499 0.00009399
0.66666603 0.00008687
0.67676731 -0.00019115
0.68686809 0.00001222
0.69696892 0.00021414
0.70707027 -0.00013014
0.71717077 0.00042609
0.72727214 0.00005839
0.73737289 0.00035928
0.74747386 0.00034566
0.75757521 -0.00000246
0.76767628 -0.00005109
0.77777705 0.00022893
0.78787830 -0.00001199
0.79797931 -0.00006319
0.80807987 0.00043845
0.81818103 0.00028556
0.82828233 -0.00000587
0.83838345 -0.00011414
0.84848450 -0.00014129
0.85858531 0.00003127
0.86868648 -0.00012245
0.87878749 -0.00011303
0.88888851 -0.00010361
0.89898952 -0.00009419
0.90909054 -0.00008477
0.91919150 -0.00007535
0.92929251 -0.00006594
0.93939353 -0.00005652
0.94949455 -0.00004710
0.95959556 -0.00003768
0.96969658 -0.00002826
0.97979753 -0.00001884
0.98989855 -0.00000942
0.99999928 0.00030506
