0.99977899 0.00000000
0.98957817 0.00559879
0.97941787 0.00888838
0.96925955 0.01206838
0.95912203 0.01405962
0.94897647 0.01650924
0.93883627 0.01865325
0.92868303 0.02153995
0.91854783 0.02339921
0.90841610 0.02506405
0.89827506 0.02725583
0.88814374 0.02889424
0.87801417 0.03043205
0.86787653 0.03243056
0.85775409 0.03356226
0.84762104 0.03530240
0.83748999 0.03692483
0.82736305 0.03831350
0.81723956 0.03950554
0.80711542 0.04073417
0.79698799 0.04215073
0.78686897 0.04309089
0.77673533 0.04486115
0.76661820 0.04569070
0.75649271 0.04699624
0.74637411 0.04790969
0.73625651 0.04876940
0.72613540 0.04982544
0.71601640 0.05076145
0.70589817 0.05165340
0.69578299 0.05237198
0.68566937 0.05300099
0.67555354 0.05375991
0.66544158 0.05429452
0.65532464 0.05511337
0.64520789 0.05592099
0.63510074 0.05618167
0.62498573 0.05689030
0.61487883 0.05713974
0.60476673 0.05768252
0.59465818 0.05802311
0.58455475 0.05807187
0.57444382 0.05854799
0.56433851 0.05870360
0.55422728 0.05920028
0.54412130 0.05939451
0.53401847 0.05940876
0.52390731 0.05989819
0.51380442 0.05991623
0.50369947 0.06005125
0.49359331 0.06025704
0.48348770 0.06043047
0.47338639 0.06036007
0.46328104 0.06051783
0.45318554 0.06011491
0.44308197 0.06017300
0.43297810 0.06024696
0.42287599 0.06022027
0.41277726 0.06000273
0.40267662 0.05989263
0.39258123 0.05948307
0.38248198 0.05929506
0.37238344 0.05906523
0.36228764 0.05868109
0.35219309 0.05822376
0.34210353 0.05748202
0.33199820 0.05764079
0.32190791 0.05694040
0.31181825 0.05620432
0.30172472 0.05569082
0.29163396 0.05501755
0.28154022 0.05451418
0.27144592 0.05404416
0.26135443 0.05341240
0.25126005 0.05294506
0.24117232 0.05210021
0.23107615 0.05173583
0.22098424 0.05112894
0.21089358 0.05045004
0.20081184 0.04926356
0.19072637 0.04828966
0.18063581 0.04760566
0.17054973 0.04666573
0.16046890 0.04542750
0.15038669 0.04426807
0.14030656 0.04298860
0.13022619 0.04172432
0.12014935 0.04025795
0.11007050 0.03890684
0.09999247 0.03750832
0.08991613 0.03601433
0.07985011 0.03393145
0.06978470 0.03181427
0.05972068 0.02961785
0.04965808 0.02734048
0.03961020 0.02422400
0.02956037 0.02121912
0.01953607 0.01675906
0.00953545 0.01094988
-0.00037497 0.00000000
-0.00035878 -0.00092266
0.00986957 -0.00809024
0.02002460 -0.01108030
0.03015918 -0.01290444
0.04028978 -0.01450179
0.05039634 -0.01472969
0.06052072 -0.01597316
0.07063530 -0.01665750
0.08075596 -0.01768848
0.09086047 -0.01779954
0.10096635 -0.01798856
0.11107666 -0.01842966
0.12118316 -0.01865402
0.13129018 -0.01890790
0.14138915 -0.01870347
0.15148693 -0.01843008
0.16159128 -0.01853206
0.17169073 -0.01835483
0.18178889 -0.01810275
0.19188965 -0.01800038
0.20198910 -0.01782315
0.21208855 -0.01764592
0.22218802 -0.01746869
0.23228747 -0.01729146
0.24238692 -0.01711423
0.25248637 -0.01693700
0.26258583 -0.01675978
0.27268530 -0.01658255
0.28278473 -0.01640532
0.29288420 -0.01622809
0.30298366 -0.01605086
0.31308310 -0.01587363
0.32318257 -0.01569641
0.33328203 -0.01551918
0.34338147 -0.01534195
0.35348093 -0.01516472
0.36357970 -0.01494774
0.37367983 -0.01481026
0.38377850 -0.01458771
0.39387394 -0.01418235
0.40397291 -0.01397702
0.41406955 -0.01363868
0.42416716 -0.01335767
0.43426382 -0.01302069
0.44436403 -0.01288601
0.45446109 -0.01257309
0.46455975 -0.01235018
0.47465938 -0.01218201
0.48475954 -0.01204650
0.49485412 -0.01159066
0.50495550 -0.01152416
0.51505208 -0.01118251
0.52515195 -0.01102807
0.53524923 -0.01072629
0.54534507 -0.01034280
0.55544750 -0.01033459
0.56554853 -0.01024985
0.57564368 -0.00982658
0.58574389 -0.00969176
0.59583972 -0.00930767
0.60593790 -0.00905699
0.61603455 -0.00871957
0.62613534 -0.00862068
0.63623293 -0.00833689
0.64633405 -0.00825383
0.65642740 -0.00772817
0.66652788 -0.00760890
0.67662731 -0.00742956
0.68672429 -0.00711413
0.69682489 -0.00700174
0.70692584 -0.00690860
0.71701817 -0.00632499
0.72711869 -0.00620795
0.73721738 -0.00598632
0.74731619 -0.00577510
0.75742078 -0.00589024
0.76751835 -0.00560500
0.77761318 -0.00516326
0.78771919 -0.00535927
0.79781188 -0.00479932
0.80791506 -0.00483342
0.81801833 -0.00487321
0.82811250 -0.00439422
0.83821646 -0.00447304
0.84831544 -0.00426855
0.85841816 -0.00427997
0.86851858 -0.00415721
0.87862095 -0.00414521
0.88872477 -0.00421641
0.89881836 -0.00370452
0.90892148 -0.00373552
0.91902550 -0.00382078
0.92912445 -0.00361429
0.93922309 -0.00339007
0.94932208 -0.00318599
0.95942200 -0.00303448
0.96951959 -0.00275028
0.97960822 -0.00195921
0.98969109 -0.00083609
0.99979192 -0.00073675
