0.99977911 0.00000000
0.98963241 0.00299358
0.97949488 0.00537167
0.96935009 0.00824105
0.95921067 0.01074569
0.94907871 0.01274920
0.93894422 0.01492218
0.92880822 0.01719722
0.91867947 0.01898510
0.90855719 0.02034189
0.89842684 0.02223726
0.88829888 0.02397201
0.87816827 0.02588493
0.86804543 0.02727601
0.85791449 0.02921084
0.84778954 0.03074722
0.83766302 0.03238522
0.82753514 0.03411452
0.81740653 0.03589308
0.80728463 0.03722033
0.79716019 0.03871872
0.78704270 0.03975427
0.77691734 0.04131458
0.76678661 0.04323536
0.75666227 0.04472687
0.74653696 0.04628354
0.73642478 0.04696177
0.72630543 0.04811810
0.71618317 0.04947002
0.70606786 0.05035515
0.69594245 0.05191841
0.68582457 0.05297595
0.67570118 0.05440747
0.66558420 0.05540449
0.65546410 0.05661120
0.64534728 0.05759785
0.63522574 0.05890070
0.62511034 0.05979166
0.61499939 0.06038750
0.60487757 0.06171025
0.59477344 0.06184345
0.58465494 0.06294295
0.57453090 0.06441413
0.56442298 0.06480263
0.55430489 0.06587820
0.54419252 0.06656540
0.53407624 0.06751569
0.52396217 0.06831729
0.51384832 0.06910404
0.50373635 0.06976469
0.49362605 0.07031461
0.48351379 0.07099489
0.47340847 0.07121055
0.46330086 0.07157789
0.45318596 0.07243554
0.44307245 0.07320108
0.43296171 0.07377888
0.42285608 0.07401344
0.41275147 0.07418163
0.40264198 0.07467573
0.39254188 0.07453854
0.38242856 0.07529165
0.37232512 0.07537902
0.36222558 0.07520628
0.35212458 0.07513003
0.34201416 0.07568588
0.33191880 0.07523246
0.32182270 0.07482699
0.31171227 0.07538396
0.30161676 0.07494071
0.29151568 0.07486958
0.28141902 0.07450130
0.27132537 0.07393306
0.26122924 0.07352938
0.25113462 0.07302381
0.24104101 0.07245218
0.23094933 0.07175033
0.22086373 0.07064005
0.21077272 0.06989284
0.20068575 0.06887470
0.19060203 0.06763826
0.18052340 0.06605921
0.17043726 0.06498445
0.16036762 0.06280227
0.15028275 0.06164283
0.14021258 0.05949522
0.13013890 0.05758409
0.12006786 0.05549524
0.10999888 0.05326875
0.09993361 0.05079210
0.08987003 0.04820251
0.07981577 0.04498657
0.06975731 0.04205206
0.05972014 0.03768844
0.04966886 0.03427202
0.03963902 0.02941549
0.02960427 0.02488840
0.01959154 0.01888262
0.00958796 0.01226194
-0.00033166 0.00000000
-0.00032135 -0.00069289
0.00989619 -0.00844672
0.02004612 -0.01165786
0.03017884 -0.01371310
0.04031508 -0.01600468
0.05041848 -0.01609033
0.06053997 -0.01739133
0.07064857 -0.01782616
0.08076603 -0.01885554
0.09086325 -0.01852594
0.10097128 -0.01892241
0.11107968 -0.01934384
0.12118671 -0.01967330
0.13129068 -0.01979676
0.14139363 -0.01985225
0.15149468 -0.01977889
0.16159271 -0.01950420
0.17169317 -0.01939231
0.18179384 -0.01929314
0.19189595 -0.01929207
0.20198873 -0.01866442
0.21208827 -0.01849096
0.22218639 -0.01822114
0.23228525 -0.01800149
0.24237920 -0.01745218
0.25248024 -0.01737992
0.26257548 -0.01691634
0.27267376 -0.01665671
0.28277403 -0.01653334
0.29287738 -0.01661479
0.30296882 -0.01589580
0.31306481 -0.01548491
0.32316616 -0.01543169
0.33326529 -0.01522930
0.34336513 -0.01507691
0.35345620 -0.01433337
0.36355708 -0.01424847
0.37365784 -0.01415816
0.38375046 -0.01351882
0.39385102 -0.01341417
0.40395288 -0.01339579
0.41404974 -0.01304127
0.42414895 -0.01284639
0.43424931 -0.01272699
0.44435422 -0.01291300
0.45444867 -0.01239793
0.46455073 -0.01239298
0.47465340 -0.01242884
0.48474488 -0.01171459
0.49484875 -0.01183093
0.50494284 -0.01129166
0.51504523 -0.01130885
0.52514252 -0.01098309
0.53523913 -0.01061156
0.54534145 -0.01062381
0.55543748 -0.01021351
0.56554153 -0.01034559
0.57564479 -0.01042089
0.58573398 -0.00955127
0.59583102 -0.00920859
0.60592986 -0.00898695
0.61603544 -0.00921813
0.62612746 -0.00854176
0.63623208 -0.00870881
0.64632962 -0.00839953
0.65642972 -0.00826279
0.66653171 -0.00825302
0.67663382 -0.00825073
0.68673440 -0.00814968
0.69682938 -0.00766876
0.70693673 -0.00801935
0.71703218 -0.00756974
0.72713335 -0.00750482
0.73723798 -0.00767220
0.74733465 -0.00730878
0.75744505 -0.00786316
0.76754039 -0.00740673
0.77764414 -0.00751458
0.78774469 -0.00740787
0.79785117 -0.00770360
0.80794513 -0.00715426
0.81805461 -0.00764732
0.82816072 -0.00791438
0.83826069 -0.00776876
0.84835821 -0.00745819
0.85847133 -0.00819957
0.86856824 -0.00784833
0.87866936 -0.00777977
0.88877357 -0.00791911
0.89887821 -0.00808748
0.90897942 -0.00802487
0.91909009 -0.00860191
0.92918903 -0.00838691
0.93928989 -0.00830124
0.94938980 -0.00815091
0.95948970 -0.00800058
0.96958960 -0.00785024
0.97968944 -0.00769991
0.98978190 -0.00704955
0.99987463 -0.00641740
