0.99995153 0.00000000
0.98979992 0.00529135
0.97966500 0.00882090
0.96954142 0.01116014
0.95942267 0.01298331
0.94929839 0.01538945
0.93917230 0.01798793
0.92904460 0.02075537
0.91891848 0.02335576
0.90879644 0.02553309
0.89867331 0.02781800
0.88855000 0.03012234
0.87842376 0.03273669
0.86830096 0.03498647
0.85817801 0.03725296
0.84805454 0.03958093
0.83793219 0.04178419
0.82781030 0.04393830
0.81769134 0.04578386
0.80756927 0.04795677
0.79744662 0.05019245
0.78732547 0.05227484
0.77720503 0.05427601
0.76708706 0.05601660
0.75696671 0.05800860
0.74684351 0.06030153
0.73672848 0.06173911
0.72660633 0.06392078
0.71648919 0.06557368
0.70637114 0.06732348
0.69625647 0.06871594
0.68613848 0.07045865
0.67602212 0.07203590
0.66590328 0.07386921
0.65578907 0.07521262
0.64567417 0.07662945
0.63556132 0.07783074
0.62544321 0.07958549
0.61533234 0.08058401
0.60521534 0.08222224
0.59510315 0.08335260
0.58499140 0.08443733
0.57487768 0.08573032
0.56476373 0.08704622
0.55465300 0.08802966
0.54454109 0.08913082
0.53443381 0.08974371
0.52431865 0.09118838
0.51421040 0.09190326
0.50410175 0.09266030
0.49399151 0.09358855
0.48388254 0.09437942
0.47377420 0.09510729
0.46366772 0.09563593
0.45356144 0.09614322
0.44345472 0.09669982
0.43334762 0.09729388
0.42324233 0.09769575
0.41313999 0.09779095
0.40303575 0.09808301
0.39293435 0.09807530
0.38283014 0.09836658
0.37272802 0.09843465
0.36262874 0.09820710
0.35252833 0.09809479
0.34243129 0.09762680
0.33233039 0.09756912
0.32223233 0.09720836
0.31213733 0.09652530
0.30204118 0.09596681
0.29194539 0.09536734
0.28185028 0.09469542
0.27175574 0.09396692
0.26166323 0.09302051
0.25157120 0.09202439
0.24148118 0.09081671
0.23138950 0.08978531
0.22129930 0.08859724
0.21121214 0.08708619
0.20112456 0.08562226
0.19104037 0.08379916
0.18095386 0.08222147
0.17086995 0.08036867
0.16078624 0.07849527
0.15070561 0.07629730
0.14062644 0.07394354
0.13054722 0.07159708
0.12046953 0.06908767
0.11039701 0.06603382
0.10032199 0.06324237
0.09025334 0.05978022
0.08018794 0.05597417
0.07012348 0.05206870
0.06006268 0.04777736
0.05000296 0.04337273
0.03994698 0.03857260
0.02989623 0.03322116
0.01985950 0.02638938
0.00984454 0.01726084
-0.00009336 0.00000000
-0.00009683 0.00036602
0.01006010 -0.00548795
0.02018567 -0.00803180
0.03028768 -0.00808947
0.04039608 -0.00882107
0.05049552 -0.00860800
0.06059691 -0.00859981
0.07069352 -0.00808778
0.08079698 -0.00829854
0.09089521 -0.00795649
0.10099342 -0.00761337
0.11109705 -0.00784270
0.12119841 -0.00783192
0.13130075 -0.00792425
0.14140246 -0.00795010
0.15150393 -0.00794981
0.16160680 -0.00809915
0.17170937 -0.00821598
0.18180878 -0.00799895
0.19190984 -0.00795628
0.20201082 -0.00790587
0.21211168 -0.00784267
0.22221225 -0.00774696
0.23231280 -0.00765125
0.24241335 -0.00755553
0.25251390 -0.00745982
0.26261447 -0.00736411
0.27271504 -0.00726840
0.28281557 -0.00717269
0.29291614 -0.00707697
0.30301671 -0.00698126
0.31311725 -0.00688555
0.32321781 -0.00678984
0.33331792 -0.00664543
0.34341892 -0.00659841
0.35351611 -0.00614664
0.36361696 -0.00608097
0.37371728 -0.00596204
0.38381495 -0.00556066
0.39391673 -0.00559652
0.40401508 -0.00526618
0.41411306 -0.00489773
0.42421282 -0.00472004
0.43431003 -0.00427029
0.44440940 -0.00404876
0.45450525 -0.00345799
0.46460461 -0.00323452
0.47470439 -0.00305576
0.48479785 -0.00221305
0.49489741 -0.00201140
0.50499622 -0.00173405
0.51509176 -0.00110699
0.52519068 -0.00083798
0.53528668 -0.00025997
0.54538481 0.00009227
0.55548104 0.00064635
0.56557902 0.00100860
0.57567370 0.00172566
0.58576997 0.00227408
0.59586563 0.00288836
0.60596208 0.00341780
0.61605755 0.00405225
0.62615297 0.00468447
0.63624886 0.00527348
0.64634391 0.00595114
0.65643972 0.00654942
0.66653485 0.00721919
0.67663160 0.00771721
0.68672708 0.00834312
0.69682198 0.00903753
0.70691770 0.00964424
0.71701268 0.01032956
0.72710783 0.01099662
0.73720526 0.01142420
0.74730375 0.01173236
0.75739768 0.01252828
0.76749375 0.01309848
0.77759259 0.01337639
0.78769026 0.01377769
0.79779018 0.01393556
0.80788813 0.01430759
0.81798847 0.01442690
0.82808785 0.01464784
0.83819187 0.01438004
0.84829159 0.01456521
0.85839627 0.01422002
0.86849962 0.01402186
0.87860502 0.01360813
0.88870994 0.01324419
0.89881501 0.01286434
0.90892197 0.01228592
0.91902893 0.01170029
0.92913425 0.01129463
0.93924340 0.01048395
0.94935240 0.00969007
0.95946185 0.00884854
0.96957869 0.00722700
0.97968597 0.00660758
0.98980404 0.00485679
0.99992605 0.00268879
