0.99998714 -0.00000000
0.98986807 0.00364103
0.97975668 0.00572088
0.96964421 0.00803381
0.95953389 0.00989873
0.94942383 0.01170938
0.93931256 0.01376536
0.92920011 0.01606172
0.91908772 0.01834524
0.90897784 0.02013202
0.89886845 0.02180671
0.88875779 0.02374033
0.87864822 0.02545212
0.86853534 0.02783476
0.85842574 0.02955320
0.84831539 0.03143496
0.83820566 0.03317936
0.82809572 0.03496578
0.81798690 0.03652401
0.80787740 0.03822246
0.79776820 0.03985713
0.78765865 0.04157655
0.77755021 0.04305962
0.76744017 0.04486541
0.75733139 0.04641678
0.74722220 0.04805226
0.73711259 0.04978235
0.72700346 0.05140525
0.71689562 0.05276544
0.70678687 0.05431071
0.69667869 0.05573891
0.68657090 0.05708939
0.67646275 0.05852370
0.66635478 0.05991179
0.65624781 0.06109412
0.64614062 0.06232190
0.63603430 0.06337433
0.62592828 0.06436385
0.61582205 0.06540874
0.60571456 0.06669914
0.59560847 0.06770397
0.58550199 0.06878724
0.57539649 0.06967177
0.56528925 0.07091088
0.55518441 0.07167256
0.54507826 0.07269009
0.53497302 0.07352294
0.52486755 0.07440189
0.51476314 0.07506480
0.50465735 0.07600804
0.49455267 0.07673324
0.48444690 0.07767215
0.47434327 0.07818421
0.46423814 0.07899295
0.45413526 0.07934712
0.44403155 0.07987295
0.43392759 0.08044562
0.42382422 0.08089856
0.41372180 0.08116392
0.40361822 0.08165914
0.39351666 0.08174360
0.38341426 0.08200410
0.37331311 0.08200508
0.36321142 0.08212418
0.35311082 0.08201296
0.34301016 0.08191571
0.33290996 0.08172883
0.32280887 0.08171894
0.31270967 0.08132335
0.30261044 0.08094203
0.29251130 0.08053434
0.28241161 0.08024053
0.27231329 0.07967304
0.26221579 0.07893399
0.25211788 0.07827703
0.24201953 0.07771223
0.23192303 0.07677302
0.22182665 0.07580744
0.21173052 0.07479027
0.20163474 0.07370456
0.19154044 0.07231776
0.18144601 0.07095831
0.17135162 0.06958617
0.16125849 0.06796107
0.15116672 0.06606168
0.14107566 0.06401414
0.13098412 0.06206542
0.12089426 0.05977740
0.11080533 0.05729994
0.10071829 0.05443782
0.09063174 0.05147539
0.08054737 0.04807213
0.07046403 0.04445807
0.06037936 0.04111462
0.05030010 0.03667285
0.04022184 0.03202732
0.03014567 0.02695772
0.02007092 0.02159962
0.01001735 0.01194069
-0.00002498 0.00000000
-0.00002591 0.00018903
0.01010089 -0.00502402
0.02020178 -0.00497428
0.03030266 -0.00492454
0.04040355 -0.00487480
0.05050125 -0.00417735
0.06059783 -0.00325427
0.07069108 -0.00165268
0.08078794 -0.00078554
0.09087809 0.00144728
0.10097102 0.00311208
0.11106519 0.00452594
0.12115963 0.00588422
0.13125768 0.00651134
0.14135384 0.00752038
0.15144986 0.00855903
0.16154617 0.00953889
0.17164427 0.01015284
0.18173973 0.01130721
0.19183609 0.01227542
0.20193517 0.01269208
0.21203213 0.01353818
0.22213053 0.01409512
0.23222784 0.01486937
0.24232646 0.01538050
0.25242522 0.01585969
0.26252371 0.01639940
0.27262218 0.01694158
0.28272248 0.01710704
0.29282080 0.01768114
0.30292091 0.01789038
0.31302017 0.01826636
0.32312065 0.01840038
0.33322053 0.01865655
0.34332147 0.01869211
0.35342204 0.01880806
0.36352424 0.01859405
0.37362465 0.01873689
0.38372686 0.01852068
0.39382983 0.01814225
0.40393206 0.01792299
0.41403439 0.01768085
0.42413683 0.01741278
0.43423862 0.01728052
0.44434021 0.01718861
0.45444360 0.01672763
0.46454664 0.01634279
0.47464760 0.01637965
0.48474774 0.01657646
0.49485059 0.01623007
0.50495274 0.01601884
0.51505508 0.01577675
0.52515717 0.01558438
0.53525831 0.01558467
0.54536082 0.01530588
0.55546338 0.01501808
0.56556495 0.01492071
0.57566761 0.01461196
0.58576908 0.01454467
0.59587174 0.01423714
0.60597375 0.01406023
0.61607620 0.01379624
0.62618018 0.01320810
0.63628026 0.01342336
0.64638330 0.01303828
0.65648554 0.01281480
0.66658786 0.01257504
0.67669005 0.01236347
0.68679261 0.01206250
0.69689553 0.01170228
0.70699790 0.01145230
0.71710097 0.01106127
0.72720396 0.01068758
0.73730756 0.01018759
0.74740969 0.00997432
0.75751244 0.00964900
0.76761534 0.00929278
0.77771810 0.00896376
0.78782057 0.00869453
0.79792286 0.00844935
0.80802653 0.00793544
0.81812902 0.00766120
0.82823278 0.00713039
0.83833598 0.00671319
0.84843946 0.00623901
0.85854395 0.00554606
0.86864817 0.00492134
0.87875350 0.00407023
0.88885661 0.00367139
0.89896110 0.00299205
0.90906290 0.00285824
0.91916635 0.00237824
0.92926799 0.00227584
0.93937132 0.00183230
0.94947415 0.00148969
0.95957787 0.00096658
0.96968099 0.00056437
0.97978276 0.00042537
0.98988010 0.00119831
0.99998672 0.00008583
