0.99999513 0.00000000
0.98988217 0.00381082
0.97976568 0.00875260
0.96965065 0.01324881
0.95953691 0.01730871
0.94942584 0.02051383
0.93931318 0.02422654
0.92919996 0.02812173
0.91908774 0.03169693
0.90897712 0.03477575
0.89886623 0.03792302
0.88875467 0.04128443
0.87864324 0.04460604
0.86853264 0.04765902
0.85842213 0.05068762
0.84831197 0.05361889
0.83820160 0.05659984
0.82809207 0.05931209
0.81798175 0.06227608
0.80787165 0.06516887
0.79776232 0.06781699
0.78765256 0.07062055
0.77754370 0.07311998
0.76743350 0.07604595
0.75732481 0.07848765
0.74721568 0.08107137
0.73710624 0.08377181
0.72699732 0.08629014
0.71688885 0.08865889
0.70678020 0.09108981
0.69667261 0.09318015
0.68656357 0.09573353
0.67645596 0.09784887
0.66634749 0.10022132
0.65624055 0.10210366
0.64613197 0.10450961
0.63602500 0.10640054
0.62591649 0.10878458
0.61580984 0.11059192
0.60570183 0.11281833
0.59559562 0.11446682
0.58548838 0.11644189
0.57538152 0.11830031
0.56527493 0.12006863
0.55516933 0.12153828
0.54506341 0.12309448
0.53495857 0.12430225
0.52485289 0.12577923
0.51474863 0.12680319
0.50464365 0.12805624
0.49453935 0.12910070
0.48443648 0.12967715
0.47433238 0.13065792
0.46423040 0.13095113
0.45412723 0.13162506
0.44402531 0.13190671
0.43392305 0.13228577
0.42382180 0.13234635
0.41372065 0.13238096
0.40361950 0.13240717
0.39351871 0.13231754
0.38341778 0.13228161
0.37331690 0.13222172
0.36321792 0.13156073
0.35311855 0.13101542
0.34301993 0.13023205
0.33292009 0.12984708
0.32282140 0.12908327
0.31272250 0.12838683
0.30262465 0.12736633
0.29252774 0.12603324
0.28243026 0.12488351
0.27233362 0.12347147
0.26223655 0.12218996
0.25214073 0.12050779
0.24204454 0.11894823
0.23195046 0.11671433
0.22185572 0.11468994
0.21176230 0.11223843
0.20166866 0.10986309
0.19157695 0.10686572
0.18148469 0.10404958
0.17139324 0.10096465
0.16130179 0.09788750
0.15121156 0.09441675
0.14112180 0.09079437
0.13103313 0.08682259
0.12094436 0.08288377
0.11085708 0.07846871
0.10077131 0.07356716
0.09068494 0.06886367
0.08060197 0.06306228
0.07051681 0.05796719
0.06043576 0.05155491
0.05035207 0.04598850
0.04027233 0.03915512
0.03019257 0.03232882
0.02011810 0.02380649
0.01004046 0.01630035
-0.00000974 0.00000000
-0.00000627 -0.00111189
0.01010096 -0.00308862
0.02020192 -0.00305711
0.03030288 -0.00302559
0.04040384 -0.00299407
0.05050480 -0.00296256
0.06060576 -0.00293104
0.07070672 -0.00289952
0.08080769 -0.00286801
0.09090865 -0.00283649
0.10100961 -0.00280497
0.11110889 -0.00223502
0.12120785 -0.00156279
0.13130697 -0.00094217
0.14140590 -0.00025980
0.15150535 0.00025805
0.16160403 0.00101957
0.17170312 0.00165053
0.18180247 0.00220228
0.19190057 0.00314639
0.20200025 0.00358951
0.21209944 0.00418554
0.22219925 0.00458866
0.23229879 0.00507391
0.24239754 0.00581410
0.25249672 0.00641340
0.26259587 0.00702883
0.27269498 0.00765917
0.28279420 0.00824017
0.29289219 0.00922891
0.30299104 0.00993762
0.31308932 0.01082490
0.32318817 0.01153540
0.33328613 0.01253189
0.34338528 0.01313572
0.35348373 0.01397673
0.36358246 0.01472609
0.37368031 0.01574844
0.38377983 0.01624591
0.39387847 0.01701432
0.40397762 0.01763082
0.41407670 0.01826866
0.42417603 0.01881686
0.43427397 0.01981772
0.44437320 0.02040758
0.45447137 0.02132866
0.46457116 0.02173744
0.47466918 0.02271372
0.48476798 0.02343391
0.49486584 0.02446180
0.50496508 0.02503831
0.51506314 0.02600359
0.52516270 0.02648601
0.53526097 0.02738536
0.54536100 0.02771818
0.55546004 0.02836884
0.56555927 0.02893802
0.57565881 0.02942744
0.58575739 0.03022461
0.59585635 0.03090289
0.60595567 0.03146402
0.61605491 0.03204789
0.62615476 0.03242079
0.63625431 0.03290870
0.64635394 0.03336931
0.65645444 0.03355276
0.66655493 0.03373904
0.67665565 0.03385093
0.68675592 0.03408757
0.69685628 0.03431265
0.70695714 0.03438214
0.71705815 0.03440096
0.72715906 0.03445197
0.73726106 0.03415351
0.74736254 0.03400121
0.75746402 0.03387177
0.76756632 0.03347678
0.77766857 0.03309834
0.78777177 0.03241508
0.79787412 0.03198461
0.80797758 0.03121951
0.81808070 0.03056295
0.82818390 0.02987847
0.83828752 0.02906248
0.84839109 0.02826069
0.85849557 0.02714736
0.86859983 0.02612742
0.87870521 0.02474501
0.88880993 0.02357618
0.89891616 0.02191952
0.90902094 0.02073016
0.91912715 0.01906400
0.92923232 0.01775099
0.93933969 0.01573075
0.94944565 0.01416531
0.95955236 0.01235485
0.96966005 0.01023298
0.97976599 0.00865559
0.98987540 0.00598021
0.99999053 0.00147411
