1.00001599 0.00000000
0.98992585 0.00435300
0.97983023 0.00651665
0.96973630 0.00933242
0.95964073 0.01152179
0.94954552 0.01384890
0.93945084 0.01639148
0.92935439 0.01822688
0.91925901 0.02048669
0.90916267 0.02234096
0.89906617 0.02415833
0.88897130 0.02662044
0.87887347 0.02790495
0.86877746 0.02991836
0.85868046 0.03153245
0.84858399 0.03333504
0.83848727 0.03506274
0.82839040 0.03673208
0.81829307 0.03821272
0.80819686 0.04014295
0.79809943 0.04159033
0.78800245 0.04319059
0.77790536 0.04476674
0.76780848 0.04643325
0.75771077 0.04776422
0.74761345 0.04925392
0.73751616 0.05072800
0.72741875 0.05218166
0.71732055 0.05331716
0.70722302 0.05472282
0.69712590 0.05629137
0.68702804 0.05756398
0.67693052 0.05894940
0.66683244 0.06013091
0.65673410 0.06121598
0.64663662 0.06263866
0.63653875 0.06390588
0.62644060 0.06506626
0.61634227 0.06612588
0.60624404 0.06725187
0.59614506 0.06807841
0.58604784 0.06960392
0.57594839 0.07024351
0.56585032 0.07143280
0.55575150 0.07229796
0.54565263 0.07316861
0.53555426 0.07423732
0.52545567 0.07522011
0.51535658 0.07600256
0.50525766 0.07685172
0.49515896 0.07777935
0.48505990 0.07857447
0.47496066 0.07928207
0.46486179 0.08015522
0.45476180 0.08057838
0.44466247 0.08125221
0.43456262 0.08173101
0.42446316 0.08236586
0.41436307 0.08273684
0.40426287 0.08307793
0.39416270 0.08342936
0.38406239 0.08371222
0.37396260 0.08421692
0.36386162 0.08423397
0.35376053 0.08421779
0.34365938 0.08418092
0.33355807 0.08406350
0.32345672 0.08394564
0.31335517 0.08374871
0.30325381 0.08361135
0.29315161 0.08315350
0.28305056 0.08315624
0.27294778 0.08245306
0.26284519 0.08184304
0.25274281 0.08131072
0.24264018 0.08067846
0.23253680 0.07974461
0.22243337 0.07878838
0.21232966 0.07772894
0.20222605 0.07670372
0.19212129 0.07521990
0.18201654 0.07373706
0.17191185 0.07229016
0.16180712 0.07081662
0.15170120 0.06886747
0.14159477 0.06672407
0.13148824 0.06453515
0.12138171 0.06234651
0.11127439 0.05984339
0.10116546 0.05669887
0.09105721 0.05382311
0.08094732 0.05029774
0.07083692 0.04656716
0.06072536 0.04237223
0.05061357 0.03808542
0.04050090 0.03344906
0.03038597 0.02791330
0.02026850 0.02136113
0.01014608 0.01283567
0.00001284 0.00000000
0.00001139 -0.00057787
0.01010098 -0.00514527
0.02020196 -0.00517060
0.03030293 -0.00519593
0.04040391 -0.00522127
0.05050489 -0.00524660
0.06060587 -0.00527194
0.07070718 -0.00516286
0.08080849 -0.00505641
0.09091145 -0.00429398
0.10101414 -0.00363610
0.11111588 -0.00335626
0.12121682 -0.00339622
0.13131946 -0.00275962
0.14142030 -0.00283776
0.15152249 -0.00238447
0.16162391 -0.00223254
0.17172455 -0.00239246
0.18182523 -0.00253820
0.19192607 -0.00261977
0.20202687 -0.00271219
0.21212789 -0.00271913
0.22222856 -0.00287202
0.23232960 -0.00287140
0.24243092 -0.00276036
0.25253202 -0.00273294
0.26263295 -0.00278262
0.27273393 -0.00281195
0.28283476 -0.00288619
0.29293608 -0.00278045
0.30303736 -0.00268976
0.31313842 -0.00267519
0.32323932 -0.00273352
0.33334051 -0.00268107
0.34344144 -0.00271573
0.35354262 -0.00266492
0.36364332 -0.00280660
0.37374420 -0.00286218
0.38384596 -0.00258169
0.39394696 -0.00259173
0.40404755 -0.00277606
0.41414895 -0.00263686
0.42425007 -0.00259633
0.43435073 -0.00275190
0.44445255 -0.00244830
0.45455309 -0.00263731
0.46465383 -0.00276430
0.47475440 -0.00295763
0.48485553 -0.00291433
0.49495676 -0.00284206
0.50505725 -0.00305577
0.51515858 -0.00294217
0.52525957 -0.00296980
0.53536066 -0.00295433
0.54546183 -0.00290552
0.55556280 -0.00293908
0.56566388 -0.00290337
0.57576526 -0.00277460
0.58586556 -0.00307429
0.59596726 -0.00281487
0.60606818 -0.00286717
0.61616883 -0.00302960
0.62626958 -0.00312342
0.63637091 -0.00301467
0.64647191 -0.00303565
0.65657242 -0.00324954
0.66667401 -0.00303715
0.67677476 -0.00315484
0.68687496 -0.00347235
0.69697660 -0.00323689
0.70707738 -0.00334465
0.71717746 -0.00373494
0.72727881 -0.00361729
0.73737956 -0.00373483
0.74748046 -0.00377336
0.75758102 -0.00396929
0.76768130 -0.00427607
0.77778281 -0.00409321
0.78788307 -0.00441030
0.79798345 -0.00465239
0.80808481 -0.00453297
0.81818564 -0.00462030
0.82828523 -0.00520132
0.83838676 -0.00501283
0.84848635 -0.00559475
0.85858667 -0.00586312
0.86868750 -0.00595008
0.87878777 -0.00626482
0.88888838 -0.00644024
0.89898882 -0.00668444
0.90908986 -0.00668927
0.91919028 -0.00691568
0.92929105 -0.00702866
0.93939124 -0.00737276
0.94949232 -0.00736102
0.95959306 -0.00748843
0.96969395 -0.00755197
0.97979549 -0.00733286
0.98989836 -0.00660924
0.99999747 -0.00738469
