0.99999635 0.00000000
0.98989117 0.00292629
0.97978803 0.00441531
0.96968512 0.00578866
0.95958252 0.00689543
0.94948005 0.00791503
0.93937692 0.00939562
0.92927401 0.01072462
0.91917116 0.01200765
0.90906832 0.01333096
0.89896548 0.01460496
0.88886266 0.01586968
0.87875949 0.01738415
0.86865653 0.01874525
0.85855358 0.02009995
0.84845050 0.02159469
0.83834770 0.02284290
0.82824461 0.02429529
0.81814170 0.02562111
0.80803850 0.02715322
0.79793561 0.02847222
0.78783253 0.02995647
0.77772977 0.03117801
0.76762612 0.03303124
0.75752342 0.03421254
0.74742018 0.03576912
0.73731712 0.03724827
0.72721384 0.03883367
0.71711074 0.04029715
0.70700735 0.04196444
0.69690441 0.04331044
0.68680111 0.04491291
0.67669790 0.04649416
0.66659461 0.04809482
0.65649147 0.04958580
0.64638813 0.05121456
0.63628525 0.05252319
0.62618170 0.05430406
0.61607873 0.05571338
0.60597523 0.05746040
0.59587250 0.05865810
0.58576907 0.06035385
0.57566606 0.06175099
0.56556299 0.06319125
0.55545956 0.06493141
0.54535677 0.06617333
0.53525346 0.06778278
0.52515057 0.06909724
0.51504769 0.07039937
0.50494443 0.07197344
0.49484153 0.07331759
0.48473879 0.07452176
0.47463585 0.07589422
0.46453302 0.07716815
0.45443054 0.07819249
0.44432801 0.07927157
0.43422542 0.08037441
0.42412315 0.08124545
0.41402094 0.08210298
0.40391885 0.08285228
0.39381672 0.08362327
0.38371494 0.08417998
0.37361331 0.08460094
0.36351170 0.08502950
0.35341040 0.08522272
0.34330900 0.08548129
0.33320787 0.08557186
0.32310660 0.08574320
0.31300578 0.08559708
0.30290511 0.08536278
0.29280461 0.08498361
0.28270356 0.08500012
0.27260350 0.08433259
0.26250333 0.08372665
0.25240358 0.08282198
0.24230337 0.08225094
0.23220400 0.08109003
0.22210468 0.07989442
0.21200522 0.07878846
0.20190586 0.07761369
0.19180667 0.07632552
0.18170802 0.07465573
0.17160937 0.07297727
0.16151061 0.07137988
0.15141259 0.06926746
0.14131422 0.06738739
0.13121611 0.06533524
0.12111863 0.06282842
0.11102118 0.06031279
0.10092423 0.05743422
0.09082760 0.05433690
0.08073133 0.05098108
0.07063532 0.04743753
0.06053995 0.04345124
0.05044567 0.03868675
0.04035091 0.03426681
0.03025745 0.02893006
0.02016510 0.02280083
0.01007588 0.01447169
-0.00000466 0.00000000
-0.00000569 0.00072786
0.01010100 -0.00327411
0.02020200 -0.00325981
0.03030300 -0.00324551
0.04040400 -0.00323121
0.05050500 -0.00321691
0.06060466 -0.00225540
0.07070443 -0.00137520
0.08080451 -0.00070641
0.09090444 0.00006487
0.10100402 0.00107784
0.11110436 0.00156117
0.12120464 0.00208032
0.13130487 0.00263852
0.14140506 0.00322088
0.15150543 0.00368907
0.16160573 0.00419174
0.17170611 0.00464398
0.18180640 0.00516278
0.19190667 0.00568935
0.20200724 0.00600898
0.21210763 0.00645186
0.22220849 0.00656916
0.23230893 0.00697590
0.24240920 0.00750628
0.25250983 0.00777483
0.26261061 0.00795435
0.27271123 0.00824334
0.28281219 0.00826804
0.29291300 0.00842790
0.30301376 0.00862059
0.31311448 0.00881609
0.32321553 0.00880378
0.33331640 0.00891682
0.34341744 0.00888871
0.35351833 0.00898803
0.36361940 0.00895766
0.37372077 0.00870118
0.38382188 0.00863951
0.39392332 0.00833105
0.40402439 0.00830080
0.41412588 0.00797902
0.42422706 0.00785143
0.43432829 0.00770915
0.44442963 0.00749377
0.45453093 0.00728163
0.46463239 0.00697567
0.47473384 0.00668453
0.48483508 0.00651445
0.49493657 0.00619082
0.50503807 0.00583468
0.51513955 0.00552058
0.52524125 0.00504637
0.53534262 0.00480601
0.54544428 0.00436299
0.55554558 0.00416716
0.56564727 0.00365971
0.57574858 0.00346468
0.58585030 0.00297413
0.59595183 0.00262633
0.60605315 0.00241640
0.61615466 0.00207769
0.62625613 0.00172861
0.63635785 0.00124262
0.64645922 0.00099883
0.65656066 0.00071529
0.66666210 0.00042063
0.67676371 0.00001519
0.68686517 -0.00033275
0.69696654 -0.00057091
0.70706796 -0.00084488
0.71716929 -0.00105911
0.72727032 -0.00105509
0.73737171 -0.00130889
0.74747288 -0.00145090
0.75757424 -0.00168855
0.76767546 -0.00181709
0.77777630 -0.00168510
0.78787788 -0.00207274
0.79797876 -0.00200945
0.80807994 -0.00211424
0.81818082 -0.00200764
0.82828200 -0.00211577
0.83838301 -0.00210147
0.84848402 -0.00208717
0.85858497 -0.00207287
0.86868598 -0.00205856
0.87878699 -0.00204426
0.88888800 -0.00202996
0.89898901 -0.00201566
0.90909003 -0.00200136
0.91919098 -0.00198706
0.92929199 -0.00197276
0.93939300 -0.00195846
0.94949401 -0.00194416
0.95959476 -0.00174753
0.96969523 -0.00135137
0.97979473 -0.00031736
0.98989430 0.00071752
0.99999578 0.00040200
