1.00000035 0.00000000
0.98990012 0.00264777
0.97979974 0.00482899
0.96969967 0.00783040
0.95959918 0.00960880
0.94949872 0.01148926
0.93939820 0.01320633
0.92929792 0.01568316
0.91919736 0.01723584
0.90909684 0.01872338
0.89899620 0.02002063
0.88889567 0.02166752
0.87879526 0.02372005
0.86869462 0.02503259
0.85859404 0.02649828
0.84849356 0.02814231
0.83839297 0.02958113
0.82829224 0.03057162
0.81819187 0.03275606
0.80809111 0.03363792
0.79799060 0.03536132
0.78788993 0.03633542
0.77778922 0.03739273
0.76768877 0.03930763
0.75758807 0.04038846
0.74748745 0.04174740
0.73738674 0.04258373
0.72728615 0.04405780
0.71718556 0.04549017
0.70708474 0.04618076
0.69698418 0.04774635
0.68688347 0.04876635
0.67678269 0.04937416
0.66668209 0.05080993
0.65658124 0.05139502
0.64648076 0.05321751
0.63637986 0.05360275
0.62627933 0.05528650
0.61617854 0.05583962
0.60607769 0.05641917
0.59597715 0.05804645
0.58587622 0.05833969
0.57577534 0.05883872
0.56567462 0.05985457
0.55557379 0.06028595
0.54547319 0.06171880
0.53537227 0.06204720
0.52527155 0.06305573
0.51517059 0.06326096
0.50506978 0.06398610
0.49496895 0.06450461
0.48486811 0.06512049
0.47476735 0.06591432
0.46466638 0.06606934
0.45456548 0.06649225
0.44446473 0.06728638
0.43436380 0.06758745
0.42426286 0.06788439
0.41416192 0.06803032
0.40406103 0.06849402
0.39396000 0.06845852
0.38385913 0.06888023
0.37375815 0.06899910
0.36365708 0.06874106
0.35355620 0.06919958
0.34345506 0.06879437
0.33335404 0.06870814
0.32325307 0.06888950
0.31315211 0.06907274
0.30305108 0.06896678
0.29294993 0.06851645
0.28284892 0.06856725
0.27274789 0.06842657
0.26264661 0.06754172
0.25254559 0.06754626
0.24244422 0.06631264
0.23234317 0.06618883
0.22224197 0.06551516
0.21214073 0.06478207
0.20203947 0.06393906
0.19193814 0.06284256
0.18183677 0.06159049
0.17173537 0.06033142
0.16163394 0.05889094
0.15153268 0.05802722
0.14143104 0.05595878
0.13132956 0.05436297
0.12122795 0.05233452
0.11112655 0.05101554
0.10102473 0.04829442
0.09092303 0.04594324
0.08082118 0.04312867
0.07071936 0.04039498
0.06061722 0.03660661
0.05051511 0.03288411
0.04041290 0.02883959
0.03031044 0.02393515
0.02020791 0.01882124
0.01010484 0.01187013
0.00000031 0.00000000
0.00000016 -0.00049412
0.01010101 -0.00104530
0.02020202 -0.00104830
0.03030303 -0.00105129
0.04040404 -0.00105429
0.05050505 -0.00105728
0.06060606 -0.00106028
0.07070706 -0.00106327
0.08080808 -0.00106627
0.09090909 -0.00106926
0.10101009 -0.00107226
0.11111111 -0.00107525
0.12121211 -0.00107825
0.13131312 -0.00108124
0.14141413 -0.00108424
0.15151515 -0.00108723
0.16161621 -0.00088647
0.17171716 -0.00109322
0.18181831 -0.00066882
0.19191945 -0.00019414
0.20202047 -0.00014841
0.21212149 -0.00010766
0.22222261 0.00021944
0.23232369 0.00046440
0.24242474 0.00062719
0.25252594 0.00129207
0.26262697 0.00131804
0.27272807 0.00157766
0.28282912 0.00176204
0.29293006 0.00151231
0.30303131 0.00226307
0.31313235 0.00244989
0.32323342 0.00260151
0.33333446 0.00266429
0.34343545 0.00268269
0.35353663 0.00321223
0.36363763 0.00313318
0.37373878 0.00365802
0.38383990 0.00402558
0.39394084 0.00384848
0.40404183 0.00374976
0.41414302 0.00431245
0.42424406 0.00447739
0.43434501 0.00422712
0.44444605 0.00429387
0.45454700 0.00417354
0.46464821 0.00478513
0.47474914 0.00447350
0.48485015 0.00453807
0.49495123 0.00474756
0.50505209 0.00429855
0.51515319 0.00456219
0.52525422 0.00462336
0.53535515 0.00430291
0.54545627 0.00462282
0.55555734 0.00480967
0.56565834 0.00494547
0.57575929 0.00468081
0.58586032 0.00472561
0.59596125 0.00441992
0.60606223 0.00430004
0.61616321 0.00415795
0.62626436 0.00478996
0.63636535 0.00468683
0.64646626 0.00429375
0.65656724 0.00416770
0.66666838 0.00457160
0.67676930 0.00422331
0.68687007 0.00356905
0.69697115 0.00377449
0.70707222 0.00396077
0.71717315 0.00364160
0.72727418 0.00367058
0.73737513 0.00344804
0.74747601 0.00317303
0.75757698 0.00300654
0.76767809 0.00330464
0.77777897 0.00281101
0.78788009 0.00316511
0.79798100 0.00296971
0.80808201 0.00293137
0.81818288 0.00243792
0.82828385 0.00227539
0.83838480 0.00202963
0.84848581 0.00198532
0.85858670 0.00174197
0.86868757 0.00122468
0.87878862 0.00134116
0.88888950 0.00084837
0.89899060 0.00111744
0.90909159 0.00102423
0.91919230 0.00019723
0.92929335 0.00026701
0.93939426 -0.00008261
0.94949518 -0.00042899
0.95959607 -0.00087211
0.96969705 -0.00102879
0.97979802 -0.00099042
0.98989894 -0.00133581
0.99999996 -0.00133881
