1.00000001 0.00000000
0.98989930 0.00273624
0.97979863 0.00577041
0.96969798 0.00852852
0.95959729 0.01139511
0.94949655 0.01379449
0.93939582 0.01631872
0.92929511 0.01905862
0.91919441 0.02183488
0.90909371 0.02413207
0.89899296 0.02650528
0.88889220 0.02872210
0.87879144 0.03105469
0.86869066 0.03309764
0.85858989 0.03526930
0.84848917 0.03736175
0.83838839 0.03947863
0.82828760 0.04152515
0.81818681 0.04350501
0.80808600 0.04535957
0.79798521 0.04734992
0.78788447 0.04925941
0.77778367 0.05116973
0.76768284 0.05284551
0.75758202 0.05464939
0.74748118 0.05618945
0.73738040 0.05775675
0.72727953 0.05909332
0.71717870 0.06077494
0.70707784 0.06209652
0.69697696 0.06334023
0.68687603 0.06412399
0.67677524 0.06559876
0.66667436 0.06681755
0.65657344 0.06776529
0.64647255 0.06888305
0.63637165 0.06988009
0.62627073 0.07078089
0.61616987 0.07165943
0.60606895 0.07258657
0.59596799 0.07308749
0.58586711 0.07427836
0.57576613 0.07466107
0.56566521 0.07553881
0.55556432 0.07616984
0.54546338 0.07681616
0.53536242 0.07738112
0.52526148 0.07805861
0.51516050 0.07838047
0.50505952 0.07879761
0.49495859 0.07930526
0.48485764 0.07990509
0.47475669 0.08024292
0.46465571 0.08062868
0.45455471 0.08076785
0.44445375 0.08104477
0.43435277 0.08142236
0.42425180 0.08184082
0.41415082 0.08195543
0.40404983 0.08220943
0.39394882 0.08229463
0.38384783 0.08231606
0.37374681 0.08229293
0.36364584 0.08248822
0.35354481 0.08243126
0.34344375 0.08209566
0.33334277 0.08214912
0.32324174 0.08203342
0.31314071 0.08200436
0.30303970 0.08178543
0.29293867 0.08172299
0.28283759 0.08123104
0.27273658 0.08104105
0.26263551 0.08065671
0.25253443 0.08013600
0.24243335 0.07946866
0.23233223 0.07847502
0.22223114 0.07775684
0.21213000 0.07670970
0.20202894 0.07623438
0.19192778 0.07485161
0.18182659 0.07327617
0.17172547 0.07239443
0.16162427 0.07064688
0.15152308 0.06905776
0.14142183 0.06704094
0.13132061 0.06516798
0.12121933 0.06287731
0.11111807 0.06061156
0.10101671 0.05766029
0.09091539 0.05484778
0.08081401 0.05167970
0.07071261 0.04831936
0.06061113 0.04418420
0.05050954 0.03916236
0.04040792 0.03384019
0.03030623 0.02791272
0.02020445 0.02122129
0.01010267 0.01449660
0.00000000 0.00000000
0.00000005 0.00039521
0.01010101 -0.00000116
0.02020202 -0.00000232
0.03030303 -0.00000348
0.04040407 0.00029398
0.05050515 0.00085940
0.06060629 0.00198161
0.07070746 0.00339192
0.08080858 0.00437117
0.09090977 0.00585941
0.10101094 0.00736556
0.11111212 0.00876463
0.12121327 0.01007084
0.13131446 0.01159896
0.14141561 0.01284148
0.15151678 0.01416116
0.16161792 0.01530105
0.17171905 0.01641074
0.18182022 0.01775316
0.19192137 0.01898480
0.20202249 0.01994635
0.21212361 0.02098422
0.22222472 0.02176755
0.23232584 0.02278053
0.24242694 0.02359694
0.25252805 0.02449602
0.26262915 0.02521205
0.27273024 0.02574015
0.28283131 0.02645541
0.29293241 0.02713273
0.30303351 0.02781986
0.31313456 0.02839874
0.32323564 0.02889603
0.33333671 0.02932373
0.34343775 0.02973384
0.35353883 0.03026707
0.36363988 0.03055499
0.37374091 0.03087391
0.38384197 0.03119575
0.39394300 0.03156405
0.40404406 0.03189903
0.41414511 0.03221407
0.42424612 0.03235787
0.43434718 0.03273240
0.44444821 0.03274299
0.45454921 0.03284968
0.46465023 0.03286873
0.47475126 0.03291275
0.48485225 0.03295236
0.49495326 0.03285298
0.50505425 0.03285679
0.51515527 0.03282503
0.52525628 0.03278000
0.53535728 0.03257264
0.54545828 0.03240804
0.55555928 0.03223028
0.56566020 0.03186276
0.57576120 0.03168589
0.58586218 0.03133136
0.59596315 0.03085575
0.60606414 0.03060079
0.61616513 0.03038187
0.62626602 0.02969129
0.63636699 0.02929975
0.64646794 0.02870365
0.65656889 0.02810666
0.66666985 0.02750468
0.67677079 0.02682072
0.68687165 0.02598328
0.69697263 0.02562184
0.70707354 0.02466254
0.71717450 0.02411281
0.72727542 0.02328318
0.73737636 0.02254307
0.74747723 0.02174699
0.75757816 0.02094430
0.76767907 0.01999847
0.77778004 0.01953960
0.78788091 0.01825560
0.79798180 0.01760371
0.80808270 0.01660129
0.81818362 0.01569703
0.82828456 0.01497036
0.83838548 0.01409626
0.84848639 0.01320181
0.85858724 0.01223923
0.86868817 0.01142816
0.87878907 0.01037000
0.88889000 0.00960719
0.89899089 0.00844088
0.90909182 0.00768509
0.91919265 0.00648484
0.92929364 0.00626862
0.93939442 0.00418098
0.94949527 0.00264637
0.95959620 0.00184627
0.96969705 0.00041999
0.97979795 -0.00011239
0.98989897 -0.00011355
0.99999999 -0.00011471
