0.99999963 0.00000000
0.98989713 0.00177565
0.97979355 0.00486430
0.96969127 0.00645089
0.95958941 0.00746074
0.94948650 0.00973156
0.93938429 0.01115822
0.92928151 0.01328155
0.91917926 0.01475667
0.90907692 0.01641678
0.89897461 0.01796635
0.88887232 0.01949250
0.87876990 0.02118113
0.86866752 0.02282073
0.85856518 0.02440189
0.84846308 0.02576949
0.83836049 0.02766027
0.82825842 0.02892674
0.81815611 0.03047289
0.80805380 0.03202613
0.79795159 0.03345786
0.78784938 0.03496308
0.77774722 0.03633211
0.76764490 0.03789170
0.75754264 0.03939269
0.74744064 0.04056034
0.73733817 0.04237444
0.72723614 0.04359610
0.71713382 0.04516137
0.70703162 0.04657802
0.69692956 0.04782623
0.68682752 0.04905129
0.67672555 0.05026451
0.66662338 0.05164939
0.65652161 0.05254170
0.64641941 0.05396149
0.63631741 0.05514130
0.62621522 0.05654398
0.61611350 0.05746195
0.60601149 0.05865302
0.59590949 0.05982828
0.58580776 0.06067568
0.57570601 0.06155127
0.56560387 0.06290543
0.55550239 0.06352135
0.54540050 0.06456351
0.53529874 0.06546231
0.52519709 0.06621664
0.51509548 0.06691899
0.50499352 0.06805342
0.49489212 0.06854268
0.48479024 0.06957551
0.47468890 0.06998589
0.46458728 0.07071089
0.45448555 0.07156314
0.44438444 0.07170432
0.43428253 0.07276468
0.42418147 0.07280649
0.41407999 0.07340001
0.40397863 0.07380091
0.39387743 0.07401239
0.38377613 0.07438000
0.37367496 0.07455729
0.36357378 0.07478742
0.35347251 0.07508074
0.34337149 0.07507636
0.33327044 0.07515047
0.32316942 0.07514422
0.31306818 0.07539768
0.30296720 0.07538797
0.29286635 0.07517738
0.28276528 0.07523255
0.27266453 0.07493801
0.26256390 0.07446654
0.25246329 0.07396184
0.24236262 0.07355408
0.23226231 0.07270910
0.22216193 0.07194982
0.21206162 0.07108481
0.20196127 0.07029639
0.19186156 0.06873311
0.18176128 0.06785540
0.17166161 0.06621532
0.16156178 0.06479449
0.15146227 0.06298218
0.14136275 0.06117035
0.13126317 0.05945448
0.12116421 0.05696504
0.11106484 0.05499287
0.10096636 0.05193733
0.09086716 0.04975499
0.08076915 0.04612474
0.07067048 0.04329781
0.06057309 0.03893225
0.05047576 0.03448542
0.04037821 0.03031101
0.03028133 0.02531790
0.02018492 0.01976996
0.01009059 0.01170569
-0.00000072 0.00000000
-0.00000108 0.00043637
0.01010101 -0.00085428
0.02020201 -0.00084591
0.03030302 -0.00083753
0.04040403 -0.00082916
0.05050503 -0.00082078
0.06060604 -0.00081241
0.07070704 -0.00080403
0.08080805 -0.00079566
0.09090906 -0.00078728
0.10101006 -0.00077891
0.11111107 -0.00077054
0.12121208 -0.00076216
0.13131309 -0.00075379
0.14141409 -0.00074541
0.15151510 -0.00073704
0.16161610 -0.00071984
0.17171711 -0.00072029
0.18181812 -0.00071191
0.19191909 -0.00066062
0.20202004 -0.00059401
0.21212113 -0.00068679
0.22222215 -0.00067841
0.23232310 -0.00060608
0.24242387 -0.00032737
0.25252466 -0.00006001
0.26262565 -0.00001302
0.27272663 0.00003678
0.28282765 0.00000096
0.29292854 0.00016949
0.30302942 0.00034426
0.31313046 0.00027967
0.32323144 0.00033466
0.33333234 0.00048719
0.34343329 0.00053949
0.35353419 0.00069324
0.36363521 0.00069423
0.37373613 0.00077729
0.38383713 0.00080476
0.39393802 0.00093947
0.40403886 0.00116373
0.41414002 0.00099195
0.42424080 0.00124784
0.43434181 0.00127305
0.44444284 0.00126593
0.45454363 0.00151054
0.46464477 0.00136657
0.47474556 0.00164930
0.48484645 0.00177498
0.49494759 0.00163968
0.50504844 0.00180806
0.51514948 0.00179400
0.52525047 0.00182687
0.53535124 0.00213547
0.54545223 0.00217442
0.55555327 0.00215991
0.56565414 0.00226714
0.57575522 0.00220250
0.58585622 0.00223409
0.59595692 0.00262635
0.60605802 0.00252696
0.61615892 0.00267674
0.62625986 0.00271268
0.63636100 0.00256588
0.64646183 0.00279631
0.65656285 0.00280123
0.66666384 0.00284960
0.67676486 0.00285082
0.68686582 0.00285741
0.69696679 0.00292127
0.70706797 0.00273632
0.71716878 0.00299554
0.72726999 0.00277018
0.73737078 0.00305208
0.74747193 0.00282865
0.75757288 0.00291162
0.76767389 0.00292527
0.77777514 0.00265502
0.78787603 0.00281828
0.79797719 0.00258654
0.80807803 0.00280168
0.81817925 0.00256550
0.82828030 0.00253039
0.83838131 0.00255775
0.84848244 0.00242805
0.85858352 0.00228253
0.86868460 0.00221323
0.87878584 0.00195890
0.88888701 0.00178334
0.89898823 0.00154712
0.90908924 0.00156301
0.91919051 0.00119620
0.92929170 0.00099644
0.93939315 0.00047120
0.94949413 0.00053325
0.95959538 0.00025678
0.96969667 -0.00005868
0.97979762 -0.00005031
0.98989864 -0.00004193
0.99999966 -0.00003356
