0.99997887 0.00000000
0.98986393 0.00292524
0.97974430 0.00684212
0.96962816 0.01003585
0.95951038 0.01356059
0.94939675 0.01620895
0.93928116 0.01927131
0.92916454 0.02255242
0.91904749 0.02592339
0.90893052 0.02929199
0.89881365 0.03262436
0.88869610 0.03610276
0.87857842 0.03960739
0.86846124 0.04300717
0.85834449 0.04631626
0.84822866 0.04944148
0.83811059 0.05302878
0.82799443 0.05621178
0.81787834 0.05938077
0.80776043 0.06293496
0.79764443 0.06608464
0.78752719 0.06950883
0.77741171 0.07254816
0.76729473 0.07590530
0.75717935 0.07892400
0.74706278 0.08219304
0.73694777 0.08514624
0.72683150 0.08835308
0.71671689 0.09120740
0.70660107 0.09431926
0.69648639 0.09718768
0.68637033 0.10035050
0.67625611 0.10313660
0.66614113 0.10606992
0.65602813 0.10858211
0.64591341 0.11146125
0.63580039 0.11397973
0.62568508 0.11698267
0.61557220 0.11948410
0.60545767 0.12232122
0.59534583 0.12459067
0.58523269 0.12713356
0.57512113 0.12934218
0.56500982 0.13149779
0.55489816 0.13374003
0.54478725 0.13581196
0.53467671 0.13780479
0.52456664 0.13969781
0.51445751 0.14139253
0.50435028 0.14268397
0.49424055 0.14450982
0.48413265 0.14594366
0.47402371 0.14760348
0.46391625 0.14894496
0.45380939 0.15015721
0.44370223 0.15144043
0.43359675 0.15236167
0.42348959 0.15363940
0.41338626 0.15411012
0.40328021 0.15515295
0.39317809 0.15536103
0.38307463 0.15586051
0.37297434 0.15568167
0.36287301 0.15572983
0.35277329 0.15542999
0.34267397 0.15504704
0.33257516 0.15456058
0.32247767 0.15378943
0.31238119 0.15280408
0.30228406 0.15196164
0.29218802 0.15088213
0.28209274 0.14964305
0.27199862 0.14816404
0.26190483 0.14660804
0.25181355 0.14452065
0.24171844 0.14324772
0.23162950 0.14066911
0.22153953 0.13830706
0.21145075 0.13569131
0.20136183 0.13310596
0.19127743 0.12956569
0.18118801 0.12708655
0.17110391 0.12347935
0.16101776 0.12030767
0.15093741 0.11590935
0.14085257 0.11245786
0.13077384 0.10771449
0.12069280 0.10345963
0.11061582 0.09834600
0.10054067 0.09284359
0.09046757 0.08690775
0.08039481 0.08089908
0.07032060 0.07519924
0.06025225 0.06825594
0.05018706 0.06064478
0.04012463 0.05244709
0.03006895 0.04282146
0.02002263 0.03121201
0.00997411 0.02006940
-0.00003227 0.00000000
-0.00002624 -0.00127710
0.01010090 -0.00678880
0.02020180 -0.00674112
0.03030269 -0.00669344
0.04040359 -0.00664576
0.05050449 -0.00659807
0.06060538 -0.00655039
0.07070628 -0.00650271
0.08080718 -0.00645503
0.09090808 -0.00640734
0.10100897 -0.00635966
0.11110836 -0.00599086
0.12120904 -0.00589949
0.13130615 -0.00504796
0.14140606 -0.00479190
0.15150383 -0.00407901
0.16160271 -0.00360468
0.17170033 -0.00286496
0.18180003 -0.00256128
0.19189434 -0.00111812
0.20199202 -0.00038967
0.21208825 0.00064523
0.22218869 0.00079105
0.23228488 0.00183519
0.24238156 0.00277607
0.25247910 0.00353411
0.26257704 0.00420925
0.27267426 0.00503935
0.28277276 0.00559140
0.29286989 0.00643787
0.30296785 0.00711095
0.31306537 0.00787054
0.32316346 0.00851489
0.33326099 0.00927773
0.34335879 0.00997697
0.35345704 0.01058729
0.36355498 0.01126385
0.37365267 0.01198690
0.38375156 0.01246263
0.39384951 0.01313020
0.40394786 0.01371953
0.41404552 0.01445460
0.42414409 0.01499100
0.43424201 0.01567326
0.44434124 0.01607520
0.45443953 0.01667124
0.46453888 0.01704915
0.47463683 0.01772327
0.48473654 0.01801930
0.49483435 0.01872188
0.50493404 0.01902172
0.51503367 0.01934051
0.52513337 0.01964365
0.53523255 0.02005665
0.54533275 0.02025498
0.55543346 0.02034421
0.56553280 0.02071238
0.57563384 0.02073193
0.58573299 0.02115187
0.59583471 0.02102744
0.60593490 0.02122727
0.61603628 0.02117559
0.62613715 0.02121674
0.63623836 0.02120050
0.64634025 0.02104166
0.65644207 0.02089551
0.66654429 0.02066445
0.67664615 0.02051124
0.68674877 0.02018303
0.69685093 0.01996619
0.70695334 0.01969600
0.71705527 0.01952589
0.72715940 0.01889168
0.73726258 0.01845761
0.74736593 0.01797556
0.75747045 0.01725724
0.76757378 0.01679296
0.77767848 0.01603801
0.78778307 0.01530444
0.79788713 0.01467255
0.80799266 0.01374087
0.81809663 0.01313899
0.82820250 0.01213630
0.83830792 0.01122788
0.84841290 0.01041303
0.85851821 0.00951611
0.86862389 0.00855282
0.87872907 0.00769455
0.88883491 0.00669717
0.89894049 0.00575617
0.90904300 0.00546286
0.91914804 0.00462277
0.92925253 0.00391318
0.93935880 0.00282350
0.94946340 0.00209008
0.95956873 0.00120010
0.96967084 0.00099357
0.97977402 0.00054720
0.98987302 0.00099950
0.99997630 0.00054421
