1.00000420 -0.00000000
0.98990835 0.00419367
0.97981152 0.00759517
0.96971377 0.01019954
0.95961707 0.01371038
0.94951914 0.01621599
0.93942209 0.01944383
0.92932437 0.02212200
0.91922647 0.02465458
0.90912859 0.02715563
0.89903098 0.02992877
0.88893274 0.03218220
0.87883484 0.03472279
0.86873691 0.03722745
0.85863862 0.03944499
0.84854074 0.04195134
0.83844261 0.04429900
0.82834422 0.04643253
0.81824591 0.04863612
0.80814798 0.05114585
0.79804970 0.05336783
0.78795123 0.05539404
0.77785303 0.05768847
0.76775449 0.05970317
0.75765603 0.06177903
0.74755777 0.06402349
0.73745899 0.06579495
0.72736034 0.06772865
0.71726189 0.06981455
0.70716325 0.07175002
0.69706461 0.07368420
0.68696569 0.07538774
0.67686741 0.07757136
0.66676848 0.07926519
0.65666943 0.08087008
0.64657085 0.08284971
0.63647164 0.08432535
0.62637284 0.08612840
0.61627375 0.08765182
0.60617462 0.08919040
0.59607553 0.09076281
0.58597652 0.09239700
0.57587716 0.09374691
0.56577803 0.09528424
0.55567880 0.09669235
0.54557948 0.09807874
0.53547985 0.09921073
0.52538062 0.10066214
0.51528099 0.10180120
0.50518138 0.10295065
0.49508186 0.10414168
0.48498217 0.10523270
0.47488226 0.10611238
0.46478230 0.10697767
0.45468250 0.10797272
0.44458283 0.10904562
0.43448302 0.11003313
0.42438256 0.11049513
0.41428236 0.11114391
0.40418202 0.11170003
0.39408125 0.11190732
0.38398112 0.11261028
0.37388026 0.11274923
0.36377962 0.11303871
0.35367912 0.11346769
0.34357793 0.11332999
0.33347710 0.11346930
0.32337616 0.11354188
0.31327515 0.11355762
0.30317376 0.11323884
0.29307221 0.11281756
0.28297086 0.11255719
0.27286911 0.11194560
0.26276740 0.11139189
0.25266522 0.11046126
0.24256306 0.10953111
0.23246070 0.10843940
0.22235825 0.10727564
0.21225532 0.10573648
0.20215275 0.10447412
0.19204912 0.10235117
0.18194591 0.10057103
0.17184242 0.09858150
0.16173828 0.09604626
0.15163396 0.09336737
0.14152980 0.09083257
0.13142510 0.08784157
0.12131993 0.08448104
0.11121465 0.08102601
0.10110808 0.07652719
0.09100248 0.07281070
0.08089425 0.06696878
0.07078777 0.06254589
0.06067864 0.05597947
0.05056971 0.04956835
0.04046011 0.04261137
0.03034937 0.03473398
0.02023812 0.02645089
0.01012451 0.01624713
0.00000344 0.00000000
0.00000271 -0.00059214
0.01010100 -0.00279824
0.02020200 -0.00281071
0.03030303 -0.00280026
0.04040401 -0.00283564
0.05050569 -0.00229653
0.06060718 -0.00191111
0.07070892 -0.00132920
0.08080984 -0.00141305
0.09091199 -0.00049330
0.10101303 -0.00047304
0.11111443 -0.00016702
0.12121465 -0.00080742
0.13131605 -0.00049769
0.14141678 -0.00072885
0.15151794 -0.00062050
0.16161870 -0.00082862
0.17171969 -0.00084488
0.18182076 -0.00081342
0.19192177 -0.00081921
0.20202290 -0.00072493
0.21212359 -0.00098481
0.22222465 -0.00095651
0.23232544 -0.00114076
0.24242681 -0.00084543
0.25252778 -0.00088016
0.26262898 -0.00074526
0.27273004 -0.00072077
0.28283111 -0.00066261
0.29293231 -0.00052481
0.30303350 -0.00039253
0.31313480 -0.00014411
0.32323608 0.00006029
0.33333703 -0.00000874
0.34343823 0.00015647
0.35353962 0.00045112
0.36364063 0.00043543
0.37374165 0.00045094
0.38384304 0.00074738
0.39394368 0.00045956
0.40404499 0.00068566
0.41414608 0.00073456
0.42424719 0.00082595
0.43434811 0.00073826
0.44444922 0.00080316
0.45454998 0.00061334
0.46465100 0.00060677
0.47475204 0.00061412
0.48485306 0.00063300
0.49495417 0.00070231
0.50505507 0.00062300
0.51515599 0.00053513
0.52525714 0.00063373
0.53535827 0.00071100
0.54545909 0.00054764
0.55556002 0.00046514
0.56566079 0.00030345
0.57576213 0.00055968
0.58586276 0.00023992
0.59596347 -0.00002521
0.60606446 -0.00005360
0.61616567 0.00009764
0.62626618 -0.00027842
0.63636693 -0.00050466
0.64646789 -0.00055322
0.65656872 -0.00071529
0.66666960 -0.00084009
0.67677067 -0.00079909
0.68687146 -0.00094850
0.69697281 -0.00068747
0.70707330 -0.00112614
0.71717470 -0.00082268
0.72727560 -0.00092679
0.73737676 -0.00081629
0.74747827 -0.00038301
0.75757938 -0.00031021
0.76768034 -0.00036420
0.77778140 -0.00033861
0.78788233 -0.00042496
0.79798345 -0.00029855
0.80808455 -0.00023734
0.81818601 0.00011214
0.82828717 0.00021712
0.83838809 0.00013056
0.84848988 0.00074880
0.85859030 0.00029988
0.86869213 0.00095158
0.87879311 0.00091426
0.88889429 0.00103620
0.89899530 0.00102179
0.90909668 0.00131021
0.91919747 0.00116005
0.92929936 0.00185751
0.93940047 0.00193042
0.94950152 0.00194120
0.95960322 0.00249107
0.96970346 0.00185067
0.97980411 0.00159433
0.98990668 0.00284208
1.00000687 0.00216201
