0.99999931 0.00000000
0.98989766 0.00255403
0.97979595 0.00537091
0.96969429 0.00821688
0.95959270 0.01053898
0.94949103 0.01318790
0.93938947 0.01541884
0.92928791 0.01761566
0.91918637 0.01971669
0.90908490 0.02179230
0.89898339 0.02379209
0.88888180 0.02609742
0.87878036 0.02783480
0.86867886 0.02976471
0.85857739 0.03162055
0.84847592 0.03368818
0.83837442 0.03562291
0.82827296 0.03744463
0.81817154 0.03906787
0.80807009 0.04080657
0.79796861 0.04269624
0.78786723 0.04439142
0.77776575 0.04628989
0.76766432 0.04792669
0.75756288 0.04966449
0.74746147 0.05125104
0.73736012 0.05281417
0.72725874 0.05428053
0.71715732 0.05590354
0.70705596 0.05732528
0.69695454 0.05891520
0.68685320 0.06024614
0.67675194 0.06144527
0.66665050 0.06315049
0.65654922 0.06422835
0.64644790 0.06544491
0.63634653 0.06687157
0.62624520 0.06814049
0.61614398 0.06920986
0.60604266 0.07041646
0.59594137 0.07149021
0.58584008 0.07259018
0.57573884 0.07351697
0.56563753 0.07468140
0.55553638 0.07546454
0.54543514 0.07635343
0.53533391 0.07719397
0.52523266 0.07814686
0.51513146 0.07886104
0.50503026 0.07961525
0.49492909 0.08033527
0.48482789 0.08107890
0.47472679 0.08152271
0.46462563 0.08209491
0.45452444 0.08275086
0.44442337 0.08310687
0.43432214 0.08396142
0.42422112 0.08396410
0.41412001 0.08443271
0.40401896 0.08455335
0.39391779 0.08514775
0.38381675 0.08537285
0.37371575 0.08528964
0.36361475 0.08531291
0.35351372 0.08536437
0.34341272 0.08528197
0.33331176 0.08513954
0.32321076 0.08507305
0.31310979 0.08484920
0.30300887 0.08455362
0.29290795 0.08414205
0.28280703 0.08373566
0.27270622 0.08301217
0.26260536 0.08233101
0.25250453 0.08158559
0.24240377 0.08057365
0.23230304 0.07944280
0.22220230 0.07835784
0.21210155 0.07726266
0.20200087 0.07592668
0.19190027 0.07425778
0.18179967 0.07260858
0.17169906 0.07092528
0.16159857 0.06883074
0.15149780 0.06787915
0.14139749 0.06498886
0.13129708 0.06255678
0.12119677 0.05968410
0.11109633 0.05738404
0.10099610 0.05418178
0.09089580 0.05128153
0.08079569 0.04761418
0.07069542 0.04459162
0.06059551 0.04010858
0.05049560 0.03563173
0.04039563 0.03139196
0.03029589 0.02620489
0.02019655 0.01937044
0.01009699 0.01346627
-0.00000072 0.00000000
-0.00000039 -0.00136763
0.01010101 -0.00293714
0.02020202 -0.00293466
0.03030303 -0.00293218
0.04040404 -0.00292971
0.05050505 -0.00292723
0.06060606 -0.00292475
0.07070707 -0.00292228
0.08080808 -0.00291980
0.09090909 -0.00291732
0.10101010 -0.00291485
0.11111111 -0.00291237
0.12121211 -0.00290990
0.13131313 -0.00290742
0.14141413 -0.00290494
0.15151515 -0.00290247
0.16161616 -0.00289999
0.17171716 -0.00289751
0.18181818 -0.00289504
0.19191919 -0.00289256
0.20202019 -0.00289009
0.21212120 -0.00288761
0.22222222 -0.00288513
0.23232322 -0.00288266
0.24242423 -0.00288018
0.25252523 -0.00287770
0.26262620 -0.00266977
0.27272714 -0.00231938
0.28282811 -0.00223200
0.29292907 -0.00199948
0.30303005 -0.00181688
0.31313097 -0.00155640
0.32323196 -0.00141883
0.33333293 -0.00121436
0.34343389 -0.00108775
0.35353484 -0.00081202
0.36363582 -0.00062319
0.37373678 -0.00050734
0.38383772 -0.00015901
0.39393863 0.00013082
0.40403964 0.00018518
0.41414065 0.00022515
0.42424163 0.00028833
0.43434263 0.00035426
0.44444359 0.00061840
0.45454455 0.00075376
0.46464553 0.00089989
0.47474654 0.00095926
0.48484751 0.00104211
0.49494853 0.00102971
0.50504948 0.00120719
0.51515051 0.00118487
0.52525147 0.00141355
0.53535249 0.00139546
0.54545349 0.00149277
0.55555451 0.00148511
0.56565547 0.00149000
0.57575646 0.00161553
0.58585747 0.00165380
0.59595854 0.00148649
0.60605947 0.00183458
0.61616047 0.00192405
0.62626146 0.00179683
0.63636246 0.00188967
0.64646350 0.00183233
0.65656451 0.00183782
0.66666553 0.00186610
0.67676659 0.00169429
0.68686755 0.00172023
0.69696858 0.00164879
0.70706962 0.00158660
0.71717065 0.00154959
0.72727170 0.00143738
0.73737278 0.00116711
0.74747375 0.00116395
0.75757480 0.00101187
0.76767589 0.00073233
0.77777689 0.00083789
0.78787798 0.00055728
0.79797896 0.00045503
0.80808001 0.00035084
0.81818108 0.00014792
0.82828216 -0.00007646
0.83838322 -0.00026379
0.84848427 -0.00038926
0.85858528 -0.00057260
0.86868639 -0.00093648
0.87878742 -0.00096831
0.88888855 -0.00142065
0.89898968 -0.00186044
0.90909068 -0.00178155
0.91919181 -0.00246503
0.92929288 -0.00266825
0.93939391 -0.00270932
0.94949493 -0.00270684
0.95959595 -0.00270436
0.96969697 -0.00270189
0.97979793 -0.00269941
0.98989895 -0.00269693
0.99999997 -0.00269446
