0.99997400 0.00000000
0.98986287 0.00238729
0.97975401 0.00423479
0.96964687 0.00568641
0.95953857 0.00740236
0.94943219 0.00865747
0.93932457 0.01020834
0.92921767 0.01158887
0.91911050 0.01303501
0.90900478 0.01414648
0.89889793 0.01551597
0.88879168 0.01674024
0.87868563 0.01791880
0.86857938 0.01914328
0.85847368 0.02023743
0.84836821 0.02129287
0.83826200 0.02250695
0.82815665 0.02351772
0.81805134 0.02452002
0.80794648 0.02541337
0.79784151 0.02633497
0.78773627 0.02733354
0.77763107 0.02830709
0.76752601 0.02925041
0.75742151 0.03005868
0.74731704 0.03086006
0.73721215 0.03177465
0.72710730 0.03266699
0.71700320 0.03337899
0.70689828 0.03428810
0.69679349 0.03516541
0.68668891 0.03599186
0.67658497 0.03667996
0.66648075 0.03742248
0.65637570 0.03836059
0.64627087 0.03924839
0.63616753 0.03977878
0.62606287 0.04062724
0.61595870 0.04136902
0.60585368 0.04230212
0.59575060 0.04277291
0.58564496 0.04385079
0.57554100 0.04453045
0.56543609 0.04543745
0.55533354 0.04579397
0.54522815 0.04681428
0.53512457 0.04740445
0.52502016 0.04819015
0.51491680 0.04872713
0.50481278 0.04942050
0.49470854 0.05017521
0.48460473 0.05081760
0.47450153 0.05132372
0.46439767 0.05198035
0.45429376 0.05264744
0.44419038 0.05319622
0.43408647 0.05386271
0.42398322 0.05437403
0.41388085 0.05467983
0.40377706 0.05531902
0.39367362 0.05587638
0.38357062 0.05633268
0.37346729 0.05686292
0.36336443 0.05728680
0.35326145 0.05773246
0.34315793 0.05830847
0.33305477 0.05880417
0.32295155 0.05930744
0.31284973 0.05947609
0.30274695 0.05988221
0.29264381 0.06036589
0.28254245 0.06042565
0.27244057 0.06061549
0.26233925 0.06066562
0.25223741 0.06084047
0.24213590 0.06093822
0.23203592 0.06067337
0.22193533 0.06055431
0.21183605 0.06011795
0.20173692 0.05964916
0.19163865 0.05897707
0.18154002 0.05838836
0.17144209 0.05763076
0.16134469 0.05674949
0.15124793 0.05571714
0.14115121 0.05467029
0.13105529 0.05343827
0.12095963 0.05214123
0.11086505 0.05058741
0.10077182 0.04871098
0.09067915 0.04670444
0.08058795 0.04434287
0.07049881 0.04149146
0.06040971 0.03863154
0.05032443 0.03486188
0.04023811 0.03134083
0.03015645 0.02670580
0.02008010 0.02080696
0.01001336 0.01261888
-0.00003480 0.00000000
-0.00003775 0.00070333
0.01008518 -0.00450104
0.02019485 -0.00654287
0.03030085 -0.00771191
0.04040361 -0.00810703
0.05050461 -0.00808343
0.06060553 -0.00804105
0.07070645 -0.00799867
0.08080737 -0.00795629
0.09090829 -0.00791392
0.10100921 -0.00787154
0.11111013 -0.00782916
0.12121094 -0.00776080
0.13131082 -0.00746808
0.14141093 -0.00723431
0.15151046 -0.00685780
0.16161062 -0.00663658
0.17170960 -0.00613230
0.18180939 -0.00581794
0.19190961 -0.00560939
0.20200904 -0.00521243
0.21210856 -0.00483594
0.22220979 -0.00486667
0.23230936 -0.00450323
0.24240986 -0.00436114
0.25251060 -0.00427692
0.26261062 -0.00401591
0.27271061 -0.00374963
0.28281134 -0.00366660
0.29291216 -0.00359719
0.30301265 -0.00344884
0.31311231 -0.00311047
0.32321292 -0.00299311
0.33331303 -0.00275502
0.34341374 -0.00266532
0.35351382 -0.00242035
0.36361435 -0.00228290
0.37371486 -0.00214712
0.38381514 -0.00195028
0.39391596 -0.00188862
0.40401632 -0.00170981
0.41411800 -0.00184595
0.42421836 -0.00167414
0.43431962 -0.00171011
0.44442087 -0.00174212
0.45452179 -0.00170466
0.46462326 -0.00179123
0.47472460 -0.00184658
0.48482575 -0.00186407
0.49492737 -0.00198403
0.50502835 -0.00196135
0.51512944 -0.00195551
0.52523152 -0.00218779
0.53533190 -0.00201282
0.54543472 -0.00242063
0.55553588 -0.00243336
0.56563755 -0.00258204
0.57573914 -0.00269702
0.58584017 -0.00267830
0.59594181 -0.00280437
0.60604381 -0.00301695
0.61614472 -0.00296959
0.62624639 -0.00311708
0.63634834 -0.00331747
0.64645058 -0.00358665
0.65655219 -0.00370594
0.66665355 -0.00376552
0.67675549 -0.00396299
0.68685738 -0.00416365
0.69695853 -0.00417304
0.70706058 -0.00439709
0.71716096 -0.00422355
0.72726322 -0.00449910
0.73736427 -0.00448385
0.74746555 -0.00453934
0.75756752 -0.00474479
0.76766860 -0.00473654
0.77776976 -0.00474944
0.78787108 -0.00480044
0.79797207 -0.00478440
0.80807368 -0.00490510
0.81817427 -0.00478104
0.82827554 -0.00482035
0.83837648 -0.00477797
0.84847741 -0.00473559
0.85857828 -0.00469322
0.86867921 -0.00465084
0.87878014 -0.00460846
0.88888107 -0.00456608
0.89898200 -0.00452371
0.90908294 -0.00448133
0.91918381 -0.00443895
0.92928474 -0.00439657
0.93938567 -0.00435419
0.94948587 -0.00413843
0.95958619 -0.00394904
0.96968578 -0.00358709
0.97978247 -0.00254840
0.98987916 -0.00149496
0.99997902 -0.00119673
