0.99996485 0.00000000
0.98984946 0.00250134
0.97973431 0.00496113
0.96962324 0.00671248
0.95950901 0.00901015
0.94939771 0.01079180
0.93928432 0.01294023
0.92917297 0.01473142
0.91906206 0.01644429
0.90895142 0.01812047
0.89883978 0.01996235
0.88872837 0.02176317
0.87861707 0.02354449
0.86850560 0.02535503
0.85839537 0.02694863
0.84828334 0.02886850
0.83817238 0.03059136
0.82806078 0.03242507
0.81795112 0.03391762
0.80783804 0.03601362
0.79772830 0.03751934
0.78761654 0.03939240
0.77750552 0.04112506
0.76739612 0.04257245
0.75728367 0.04455640
0.74717454 0.04595590
0.73706259 0.04786147
0.72695208 0.04950467
0.71684048 0.05133880
0.70672927 0.05310400
0.69661917 0.05467430
0.68650642 0.05671133
0.67639590 0.05836593
0.66628450 0.06016600
0.65617340 0.06191267
0.64606101 0.06388550
0.63595059 0.06551296
0.62583903 0.06733973
0.61572907 0.06889519
0.60561608 0.07097489
0.59550786 0.07221400
0.58539497 0.07427585
0.57528544 0.07574465
0.56517390 0.07756984
0.55506381 0.07914857
0.54495198 0.08102261
0.53484193 0.08258379
0.52473162 0.08419188
0.51462243 0.08560098
0.50451071 0.08745773
0.49440201 0.08878589
0.48429337 0.09009992
0.47418341 0.09164933
0.46407443 0.09302347
0.45396601 0.09429721
0.44385871 0.09537975
0.43375052 0.09661391
0.42364247 0.09782381
0.41353613 0.09873642
0.40342983 0.09963769
0.39332304 0.10062465
0.38321757 0.10138487
0.37311173 0.10220500
0.36300666 0.10289418
0.35290319 0.10329785
0.34279934 0.10376635
0.33269700 0.10397649
0.32259423 0.10425568
0.31249199 0.10444163
0.30238911 0.10474612
0.29228925 0.10451287
0.28218785 0.10455118
0.27208835 0.10426044
0.26198944 0.10386003
0.25189188 0.10322130
0.24179333 0.10276066
0.23169882 0.10158851
0.22160327 0.10059787
0.21150855 0.09946067
0.20141341 0.09839914
0.19132126 0.09681104
0.18122968 0.09512224
0.17113985 0.09312246
0.16104995 0.09113802
0.15096178 0.08884910
0.14087307 0.08665373
0.13078681 0.08402813
0.12070189 0.08116550
0.11061863 0.07801116
0.10053531 0.07486606
0.09045561 0.07108568
0.08037959 0.06665577
0.07030311 0.06230819
0.06023288 0.05685831
0.05016080 0.05173595
0.04009462 0.04557419
0.03003563 0.03814451
0.01997792 0.03049126
0.00993673 0.01992786
-0.00005128 0.00000000
-0.00004600 -0.00092857
0.01010085 -0.00897239
0.02020169 -0.00891503
0.03030254 -0.00885767
0.04040339 -0.00880031
0.05050424 -0.00874295
0.06060508 -0.00868560
0.07070593 -0.00862824
0.08080678 -0.00857088
0.09090763 -0.00851352
0.10100847 -0.00845616
0.11110932 -0.00839880
0.12121016 -0.00834144
0.13131101 -0.00828408
0.14141186 -0.00822672
0.15151271 -0.00816937
0.16161356 -0.00811201
0.17171440 -0.00805465
0.18181526 -0.00799729
0.19191590 -0.00790414
0.20201563 -0.00765143
0.21211698 -0.00768434
0.22221770 -0.00760269
0.23231724 -0.00731520
0.24241786 -0.00721910
0.25251886 -0.00718925
0.26261959 -0.00710885
0.27271977 -0.00693330
0.28282189 -0.00710330
0.29292251 -0.00700452
0.30302434 -0.00711745
0.31312444 -0.00693212
0.32322586 -0.00697457
0.33332593 -0.00677741
0.34342818 -0.00697128
0.35352862 -0.00684066
0.36363051 -0.00696483
0.37373069 -0.00679389
0.38383220 -0.00685011
0.39393302 -0.00679275
0.40403388 -0.00673539
0.41413474 -0.00667803
0.42423557 -0.00662068
0.43433642 -0.00656332
0.44443728 -0.00650596
0.45453811 -0.00644860
0.46463897 -0.00639124
0.47473982 -0.00633388
0.48484065 -0.00627652
0.49494151 -0.00621916
0.50504234 -0.00616180
0.51514319 -0.00610445
0.52524405 -0.00604709
0.53534491 -0.00598973
0.54544577 -0.00593237
0.55554609 -0.00578170
0.56564733 -0.00580144
0.57574715 -0.00556193
0.58584712 -0.00534719
0.59594931 -0.00552431
0.60604903 -0.00526644
0.61615064 -0.00534191
0.62625145 -0.00528682
0.63635276 -0.00530876
0.64645403 -0.00532394
0.65655390 -0.00509355
0.66665416 -0.00493159
0.67675464 -0.00480780
0.68685616 -0.00487773
0.69695616 -0.00466811
0.70705707 -0.00462112
0.71715816 -0.00460486
0.72725772 -0.00431818
0.73735937 -0.00440023
0.74746038 -0.00437988
0.75756199 -0.00445607
0.76766196 -0.00424252
0.77776353 -0.00430925
0.78786411 -0.00420451
0.79796480 -0.00412680
0.80806547 -0.00403624
0.81816621 -0.00395882
0.82826742 -0.00396378
0.83836783 -0.00382700
0.84846804 -0.00365651
0.85856963 -0.00373842
0.86867091 -0.00375518
0.87877106 -0.00357283
0.88887038 -0.00324475
0.89897209 -0.00333860
0.90907291 -0.00327430
0.91917654 -0.00371487
0.92927330 -0.00293658
0.93937601 -0.00320516
0.94947549 -0.00290560
0.95957571 -0.00273583
0.96967774 -0.00288470
0.97977848 -0.00281694
0.98987718 -0.00238062
0.99997548 -0.00187328
