0.99997074 -0.00000000
0.98983766 0.00415341
0.97971755 0.00660971
0.96959945 0.00881107
0.95949225 0.00958135
0.94937516 0.01164255
0.93926406 0.01292196
0.92915189 0.01434094
0.91903811 0.01596978
0.90892772 0.01716494
0.89881620 0.01849839
0.88870339 0.02000129
0.87859269 0.02122822
0.86847980 0.02274039
0.85836926 0.02394688
0.84825658 0.02543997
0.83814370 0.02695190
0.82803176 0.02834009
0.81792040 0.02965300
0.80780809 0.03109126
0.79769641 0.03244514
0.78758412 0.03388757
0.77747158 0.03535590
0.76735986 0.03671501
0.75724881 0.03798861
0.74713573 0.03952599
0.73702422 0.04086599
0.72691403 0.04202665
0.71680054 0.04361814
0.70669052 0.04475582
0.69657709 0.04633903
0.68646663 0.04753485
0.67635426 0.04898798
0.66624343 0.05023173
0.65613172 0.05159086
0.64602095 0.05282638
0.63591200 0.05382402
0.62580044 0.05516340
0.61568970 0.05640362
0.60557800 0.05776106
0.59546928 0.05872854
0.58535917 0.05987874
0.57524990 0.06091858
0.56513813 0.06228469
0.55503132 0.06301006
0.54491905 0.06444215
0.53481080 0.06534845
0.52470011 0.06657390
0.51459216 0.06744223
0.50448272 0.06850359
0.49437424 0.06944473
0.48426533 0.07043650
0.47415904 0.07109152
0.46405047 0.07203889
0.45394356 0.07277097
0.44383707 0.07345048
0.43372828 0.07442786
0.42362300 0.07494695
0.41351678 0.07559147
0.40341070 0.07621371
0.39330530 0.07674758
0.38319887 0.07742074
0.37309450 0.07781979
0.36299007 0.07823065
0.35288533 0.07867890
0.34278119 0.07904699
0.33267868 0.07920712
0.32257539 0.07946515
0.31247226 0.07970336
0.30236937 0.07991285
0.29226767 0.07996236
0.28216534 0.08009567
0.27206489 0.07998622
0.26196513 0.07978232
0.25186452 0.07968983
0.24176677 0.07922553
0.23166942 0.07871007
0.22157264 0.07811801
0.21147659 0.07742993
0.20138092 0.07669435
0.19128711 0.07571434
0.18119392 0.07465428
0.17110349 0.07323109
0.16101472 0.07159390
0.15092518 0.07005583
0.14083595 0.06847535
0.13074990 0.06648173
0.12066265 0.06464394
0.11057927 0.06230120
0.10049767 0.05972496
0.09041673 0.05706355
0.08034260 0.05351058
0.07026667 0.05019324
0.06019988 0.04568056
0.05012924 0.04167201
0.04006572 0.03673266
0.03000616 0.03127591
0.01994904 0.02549974
0.00991311 0.01695266
-0.00005851 0.00000000
-0.00006090 0.00031184
0.01010071 -0.00757205
0.02020143 -0.00749479
0.03030214 -0.00741752
0.04040286 -0.00734025
0.05050357 -0.00726299
0.06060429 -0.00718572
0.07070500 -0.00710846
0.08080572 -0.00703119
0.09090643 -0.00695392
0.10100714 -0.00687666
0.11110786 -0.00679939
0.12120857 -0.00672213
0.13130929 -0.00664486
0.14141000 -0.00656760
0.15151072 -0.00649033
0.16161143 -0.00641306
0.17171214 -0.00633580
0.18181287 -0.00625853
0.19191358 -0.00618127
0.20201429 -0.00610400
0.21211426 -0.00593033
0.22221305 -0.00560011
0.23231043 -0.00508729
0.24240970 -0.00482204
0.25250752 -0.00436689
0.26260752 -0.00419539
0.27270567 -0.00378086
0.28280620 -0.00368232
0.29290648 -0.00354685
0.30300517 -0.00320403
0.31310564 -0.00309645
0.32320503 -0.00284544
0.33330443 -0.00259414
0.34340531 -0.00254104
0.35350588 -0.00244396
0.36360608 -0.00229842
0.37370618 -0.00214298
0.38380637 -0.00199559
0.39390617 -0.00180153
0.40400726 -0.00177207
0.41410859 -0.00177455
0.42420849 -0.00159259
0.43431083 -0.00172713
0.44441090 -0.00156326
0.45451212 -0.00155567
0.46461282 -0.00147503
0.47471435 -0.00150285
0.48481551 -0.00148659
0.49491751 -0.00157549
0.50501908 -0.00161231
0.51511998 -0.00155879
0.52522194 -0.00164231
0.53532182 -0.00145537
0.54542410 -0.00158055
0.55552388 -0.00138035
0.56562642 -0.00154802
0.57572850 -0.00164805
0.58583001 -0.00167291
0.59593014 -0.00151873
0.60603454 -0.00192177
0.61613256 -0.00149058
0.62623536 -0.00169238
0.63633664 -0.00168780
0.64643775 -0.00166096
0.65654011 -0.00179778
0.66664063 -0.00169370
0.67674177 -0.00167070
0.68684320 -0.00169246
0.69694490 -0.00174275
0.70704704 -0.00185064
0.71714751 -0.00173976
0.72725002 -0.00189613
0.73735142 -0.00190768
0.74745286 -0.00193165
0.75755359 -0.00185438
0.76765431 -0.00177711
0.77775504 -0.00169985
0.78785576 -0.00162258
0.79795643 -0.00154532
0.80805715 -0.00146805
0.81815788 -0.00139078
0.82825860 -0.00131352
0.83835933 -0.00123625
0.84846005 -0.00115899
0.85856072 -0.00108172
0.86866144 -0.00100446
0.87876216 -0.00092719
0.88886289 -0.00084992
0.89896361 -0.00077266
0.90906434 -0.00069539
0.91916500 -0.00061813
0.92926573 -0.00054086
0.93936645 -0.00046359
0.94946718 -0.00038633
0.95956790 -0.00030906
0.96966863 -0.00023180
0.97976929 -0.00015453
0.98987002 -0.00007727
0.99997074 -0.00000000
