1.00004710 -0.00000000
0.98997282 0.00456082
0.97988486 0.00680258
0.96979397 0.00853864
0.95970514 0.01063327
0.94961618 0.01270728
0.93952876 0.01504080
0.92943774 0.01676595
0.91934877 0.01883737
0.90925723 0.02046387
0.89916751 0.02240792
0.88907675 0.02417583
0.87898514 0.02580076
0.86889421 0.02754024
0.85880233 0.02911859
0.84871158 0.03087851
0.83861966 0.03245027
0.82852866 0.03417718
0.81843538 0.03551881
0.80834491 0.03733640
0.79825201 0.03874065
0.78816024 0.04032784
0.77806947 0.04209498
0.76797852 0.04383044
0.75788548 0.04521246
0.74779422 0.04689666
0.73770219 0.04843975
0.72761087 0.05011364
0.71751836 0.05158431
0.70742676 0.05321087
0.69733336 0.05453105
0.68724024 0.05589932
0.67714773 0.05736123
0.66705592 0.05895137
0.65696178 0.06014680
0.64686894 0.06156236
0.63677474 0.06274882
0.62668199 0.06417949
0.61658748 0.06530259
0.60649404 0.06661689
0.59639938 0.06772469
0.58630527 0.06892536
0.57621058 0.07002777
0.56611664 0.07125621
0.55602182 0.07232665
0.54592785 0.07355086
0.53583214 0.07448048
0.52573801 0.07567855
0.51564152 0.07647597
0.50554729 0.07765640
0.49545068 0.07842747
0.48535427 0.07923789
0.47525786 0.08004487
0.46516138 0.08084405
0.45506489 0.08164126
0.44496786 0.08234176
0.43486916 0.08276538
0.42477229 0.08349729
0.41467275 0.08377255
0.40457450 0.08427207
0.39447531 0.08461281
0.38437607 0.08493930
0.37427540 0.08502735
0.36417668 0.08544309
0.35407423 0.08523101
0.34397417 0.08542214
0.33387169 0.08519938
0.32377053 0.08520670
0.31366771 0.08493104
0.30356459 0.08459993
0.29346252 0.08445236
0.28335955 0.08415242
0.27325490 0.08356190
0.26315054 0.08302534
0.25304530 0.08234101
0.24294034 0.08169936
0.23283478 0.08095799
0.22272860 0.08011101
0.21262256 0.07929087
0.20251516 0.07823653
0.19240588 0.07686434
0.18229786 0.07570539
0.17218710 0.07408526
0.16207784 0.07271645
0.15196524 0.07078152
0.14185316 0.06893888
0.13173913 0.06676172
0.12162459 0.06449912
0.11150855 0.06198094
0.10138922 0.05890735
0.09127077 0.05598195
0.08114889 0.05247650
0.07102543 0.04870280
0.06089898 0.04442232
0.05077140 0.03994994
0.04064188 0.03514969
0.03050446 0.02901065
0.02037159 0.02364136
0.01022336 0.01567109
0.00002969 0.00000000
0.00003221 0.00042822
0.01010101 -0.00505964
0.02020167 -0.00514891
0.03030946 -0.00403037
0.04042246 -0.00202878
0.05053168 -0.00066592
0.06064274 0.00100586
0.07075482 0.00285183
0.08086612 0.00456515
0.09097690 0.00619053
0.10108811 0.00788997
0.11119623 0.00906370
0.12130413 0.01020206
0.13140995 0.01098765
0.14151760 0.01208253
0.15162325 0.01283739
0.16172891 0.01359736
0.17183233 0.01397517
0.18193754 0.01465524
0.19204090 0.01502569
0.20214490 0.01550310
0.21224784 0.01580004
0.22234956 0.01589018
0.23245216 0.01612989
0.24255495 0.01640304
0.25265647 0.01646028
0.26275630 0.01622787
0.27285790 0.01629640
0.28295685 0.01592035
0.29305572 0.01552666
0.30315365 0.01497326
0.31325164 0.01443559
0.32334968 0.01389977
0.33344858 0.01351123
0.34354682 0.01301499
0.35364499 0.01250373
0.36374221 0.01182939
0.37384139 0.01149348
0.38393901 0.01088665
0.39403531 0.01006160
0.40413326 0.00951213
0.41423036 0.00881849
0.42432832 0.00827522
0.43442448 0.00742091
0.44452470 0.00725636
0.45462375 0.00689715
0.46472134 0.00628569
0.47481812 0.00553804
0.48491738 0.00521569
0.49501446 0.00451784
0.50511121 0.00376930
0.51521076 0.00349117
0.52530931 0.00304205
0.53540753 0.00253848
0.54550307 0.00157876
0.55560172 0.00114760
0.56569984 0.00063697
0.57579690 -0.00006363
0.58589559 -0.00048769
0.59599264 -0.00119177
0.60609186 -0.00152556
0.61619018 -0.00201298
0.62628788 -0.00259458
0.63638525 -0.00324373
0.64648280 -0.00386079
0.65658176 -0.00424083
0.66667891 -0.00492530
0.67677688 -0.00547340
0.68687610 -0.00579766
0.69697461 -0.00625244
0.70707362 -0.00662322
0.71717340 -0.00686272
0.72727227 -0.00725635
0.73737161 -0.00757197
0.74747108 -0.00785352
0.75757063 -0.00813218
0.76766999 -0.00844406
0.77776938 -0.00875062
0.78786941 -0.00894717
0.79796844 -0.00930493
0.80806822 -0.00954374
0.81816873 -0.00966126
0.82826841 -0.00991816
0.83836925 -0.00997778
0.84847010 -0.01003739
0.85857088 -0.01009701
0.86867173 -0.01015663
0.87877257 -0.01021624
0.88887341 -0.01027586
0.89897426 -0.01033547
0.90907558 -0.01031492
0.91917589 -0.01045470
0.92928038 -0.00989572
0.93938214 -0.00980117
0.94948420 -0.00965498
0.95958794 -0.00922358
0.96968786 -0.00943963
0.97979174 -0.00897455
0.98989778 -0.00815343
0.99999888 -0.00817058
