0.99963907 0.00000000
0.98941980 0.00452935
0.97918710 0.00958728
0.96893674 0.01534361
0.95871799 0.01985216
0.94851705 0.02365969
0.93831436 0.02753578
0.92810411 0.03170988
0.91789693 0.03576275
0.90770198 0.03933668
0.89750418 0.04302018
0.88729757 0.04705053
0.87710039 0.05070975
0.86689898 0.05453590
0.85670729 0.05797865
0.84651025 0.06163463
0.83632399 0.06486361
0.82613800 0.06808208
0.81595886 0.07103086
0.80576820 0.07443327
0.79559122 0.07729697
0.78541113 0.08028529
0.77523628 0.08306479
0.76504583 0.08645898
0.75487189 0.08920285
0.74469680 0.09199212
0.73452990 0.09446104
0.72434709 0.09755414
0.71418144 0.09997136
0.70400992 0.10261998
0.69385158 0.10474929
0.68368581 0.10717140
0.67352727 0.10931131
0.66335404 0.11202706
0.65319807 0.11406308
0.64304568 0.11595828
0.63289306 0.11786220
0.62274252 0.11968438
0.61258572 0.12175544
0.60242453 0.12399727
0.59227796 0.12566309
0.58214299 0.12687207
0.57199188 0.12871692
0.56184011 0.13058717
0.55169349 0.13225755
0.54154352 0.13405738
0.53140229 0.13551293
0.52125855 0.13706732
0.51112531 0.13820787
0.50099724 0.13914532
0.49086197 0.14036699
0.48073185 0.14138499
0.47059591 0.14263354
0.46046644 0.14362581
0.45034334 0.14436719
0.44021080 0.14548149
0.43009719 0.14584906
0.41996489 0.14695299
0.40984923 0.14740234
0.39971361 0.14863701
0.38960491 0.14881116
0.37949268 0.14912600
0.36938790 0.14914581
0.35925213 0.15038747
0.34914605 0.15045831
0.33902387 0.15116361
0.32892393 0.15099384
0.31882076 0.15095042
0.30872814 0.15049143
0.29864226 0.14976811
0.28854319 0.14956301
0.27846937 0.14836363
0.26836550 0.14834870
0.25827156 0.14794181
0.24820081 0.14662133
0.23812684 0.14542806
0.22806188 0.14388020
0.21800136 0.14215746
0.20794829 0.14014081
0.19789177 0.13826034
0.18784924 0.13582877
0.17780147 0.13360399
0.16777135 0.13068334
0.15774433 0.12764081
0.14773479 0.12391015
0.13773137 0.11993791
0.12772713 0.11599865
0.11772663 0.11191143
0.10774243 0.10718264
0.09778082 0.10156390
0.08782176 0.09584497
0.07781872 0.09185780
0.06788355 0.08519748
0.05794315 0.07874377
0.04804542 0.07060886
0.03813798 0.06285669
0.02831419 0.05180972
0.01849209 0.04069634
0.00870264 0.02829657
-0.00068319 0.00000000
-0.00069425 0.00043578
0.00969063 -0.01061663
0.01984671 -0.01265748
0.02995651 -0.01287558
0.04009476 -0.01421416
0.05021809 -0.01496499
0.06032808 -0.01519054
0.07041867 -0.01465194
0.08052422 -0.01470248
0.09060857 -0.01391809
0.10069988 -0.01340785
0.11079047 -0.01286913
0.12087012 -0.01189997
0.13094181 -0.01061681
0.14102805 -0.00990693
0.15110906 -0.00899062
0.16120443 -0.00864037
0.17127868 -0.00745827
0.18135877 -0.00650570
0.19143854 -0.00554106
0.20152932 -0.00501026
0.21160716 -0.00396974
0.22170211 -0.00360239
0.23178437 -0.00273604
0.24185952 -0.00158937
0.25194826 -0.00097807
0.26203495 -0.00028538
0.27211351 0.00072767
0.28220342 0.00129195
0.29228941 0.00201232
0.30237587 0.00271404
0.31246260 0.00340399
0.32254744 0.00416958
0.33263150 0.00496559
0.34271686 0.00570962
0.35280653 0.00628471
0.36289419 0.00693903
0.37298329 0.00753549
0.38305522 0.00880970
0.39314236 0.00948333
0.40322737 0.01024222
0.41330474 0.01130192
0.42339308 0.01192835
0.43348218 0.01252624
0.44358026 0.01277026
0.45367303 0.01322216
0.46377608 0.01327023
0.47386749 0.01377707
0.48396444 0.01406452
0.49404083 0.01516287
0.50413955 0.01538018
0.51422753 0.01602208
0.52433335 0.01596128
0.53442876 0.01631037
0.54453371 0.01628416
0.55462469 0.01680745
0.56472085 0.01712481
0.57481691 0.01744846
0.58491916 0.01752822
0.59501889 0.01770741
0.60512378 0.01768308
0.61522817 0.01767844
0.62533150 0.01771339
0.63543893 0.01758932
0.64554835 0.01738671
0.65566047 0.01707753
0.66577601 0.01663413
0.67586690 0.01716132
0.68599082 0.01638496
0.69611193 0.01572217
0.70622487 0.01538076
0.71634299 0.01483547
0.72645427 0.01455969
0.73656560 0.01428194
0.74668250 0.01378227
0.75679879 0.01330911
0.76691456 0.01285621
0.77702965 0.01243036
0.78714923 0.01182743
0.79725846 0.01162997
0.80737870 0.01100111
0.81749496 0.01052906
0.82762096 0.00967351
0.83774078 0.00906125
0.84786049 0.00845352
0.85798455 0.00767182
0.86811152 0.00677799
0.87823882 0.00587090
0.88836212 0.00512192
0.89847357 0.00483935
0.90857941 0.00477739
0.91869644 0.00427283
0.92881628 0.00365988
0.93893805 0.00297064
0.94906895 0.00192203
0.95918546 0.00144008
0.96931364 0.00049858
0.97943674 -0.00024512
0.98952007 0.00058002
0.99962563 0.00052939
