0.99999297 0.00000000
0.98988666 0.00414182
0.97978274 0.00640397
0.96967883 0.00870412
0.95957538 0.01060752
0.94947218 0.01230507
0.93936846 0.01441705
0.92926499 0.01633040
0.91916180 0.01802122
0.90905908 0.01939467
0.89895593 0.02105192
0.88885303 0.02252021
0.87875022 0.02392027
0.86864713 0.02553229
0.85854481 0.02654343
0.84844169 0.02822814
0.83833913 0.02943195
0.82823653 0.03066396
0.81813413 0.03173534
0.80803154 0.03295891
0.79792924 0.03395089
0.78782697 0.03497300
0.77772398 0.03650810
0.76762163 0.03754407
0.75751948 0.03842230
0.74741739 0.03925236
0.73731496 0.04040301
0.72721276 0.04131706
0.71711048 0.04229521
0.70700832 0.04318441
0.69690630 0.04396312
0.68680390 0.04504001
0.67670184 0.04589371
0.66659956 0.04687085
0.65649755 0.04764363
0.64639528 0.04861300
0.63629346 0.04923427
0.62619122 0.05018512
0.61608934 0.05089556
0.60598740 0.05160901
0.59588552 0.05227489
0.58578371 0.05288740
0.57568230 0.05318576
0.56557964 0.05446537
0.55547854 0.05456864
0.54537612 0.05566139
0.53527476 0.05591850
0.52517278 0.05666557
0.51507139 0.05694593
0.50497001 0.05722674
0.49486800 0.05801416
0.48476626 0.05857088
0.47466517 0.05864429
0.46456341 0.05921526
0.45446183 0.05965294
0.44436045 0.05994612
0.43425866 0.06054069
0.42415773 0.06046834
0.41405650 0.06065038
0.40395507 0.06096314
0.39385399 0.06100082
0.38375263 0.06128563
0.37365149 0.06137594
0.36355048 0.06137982
0.35344925 0.06153624
0.34334830 0.06148004
0.33324750 0.06132326
0.32314635 0.06142010
0.31304554 0.06124375
0.30294488 0.06097873
0.29284387 0.06096860
0.28274342 0.06051139
0.27264265 0.06033691
0.26254199 0.06004340
0.25244155 0.05958690
0.24234126 0.05901909
0.23224119 0.05827669
0.22214071 0.05785876
0.21204059 0.05714903
0.20194086 0.05614282
0.19184130 0.05500698
0.18174129 0.05421658
0.17164172 0.05307579
0.16154218 0.05191699
0.15144276 0.05066930
0.14134350 0.04928384
0.13124449 0.04771723
0.12114533 0.04625478
0.11104623 0.04475565
0.10094761 0.04287555
0.09084884 0.04111747
0.08075104 0.03859496
0.07065303 0.03623308
0.06055546 0.03353577
0.05045859 0.03028575
0.04036177 0.02700143
0.03026583 0.02301497
0.02017131 0.01793113
0.01007928 0.01088751
-0.00000784 0.00000000
-0.00000784 -0.00000545
0.01010065 -0.00585551
0.02020200 -0.00611978
0.03030300 -0.00610688
0.04040401 -0.00609399
0.05050501 -0.00608110
0.06060601 -0.00606821
0.07070701 -0.00605531
0.08080801 -0.00604242
0.09090902 -0.00602953
0.10101002 -0.00601664
0.11111102 -0.00600374
0.12121181 -0.00582735
0.13131279 -0.00579297
0.14141390 -0.00586961
0.15151487 -0.00582104
0.16161560 -0.00560001
0.17171643 -0.00545536
0.18181756 -0.00553676
0.19191838 -0.00538732
0.20201930 -0.00531264
0.21212021 -0.00523326
0.22222131 -0.00528617
0.23232217 -0.00516361
0.24242293 -0.00497196
0.25252406 -0.00505822
0.26262500 -0.00499100
0.27272569 -0.00472893
0.28282677 -0.00479003
0.29292782 -0.00480891
0.30302890 -0.00484671
0.31312927 -0.00435090
0.32323027 -0.00433318
0.33333129 -0.00432282
0.34343195 -0.00406004
0.35353283 -0.00394352
0.36363389 -0.00397003
0.37373474 -0.00384720
0.38383584 -0.00390580
0.39393638 -0.00354917
0.40403719 -0.00337683
0.41413858 -0.00365645
0.42423955 -0.00363748
0.43434006 -0.00322634
0.44444093 -0.00310952
0.45454204 -0.00319271
0.46464314 -0.00325233
0.47474456 -0.00355305
0.48484481 -0.00297263
0.49494603 -0.00311658
0.50504745 -0.00345026
0.51514787 -0.00297317
0.52524903 -0.00307555
0.53535000 -0.00303053
0.54545105 -0.00304553
0.55555239 -0.00328829
0.56565279 -0.00284365
0.57575388 -0.00289018
0.58585523 -0.00314616
0.59595637 -0.00323263
0.60605699 -0.00291373
0.61615818 -0.00303528
0.62625941 -0.00324021
0.63636008 -0.00296538
0.64646126 -0.00308413
0.65656251 -0.00325184
0.66666352 -0.00323856
0.67676467 -0.00333626
0.68686504 -0.00286769
0.69696624 -0.00299809
0.70706765 -0.00329687
0.71716824 -0.00295746
0.72726939 -0.00304780
0.73737053 -0.00313359
0.74747117 -0.00287917
0.75757257 -0.00316973
0.76767326 -0.00290286
0.77777422 -0.00284920
0.78787573 -0.00322508
0.79797617 -0.00281438
0.80807757 -0.00310264
0.81817790 -0.00255802
0.82827938 -0.00290919
0.83838088 -0.00328331
0.84848142 -0.00289598
0.85858253 -0.00300853
0.86868355 -0.00300553
0.87878449 -0.00293604
0.88888536 -0.00280990
0.89898654 -0.00293031
0.90908748 -0.00285621
0.91918869 -0.00304379
0.92928933 -0.00274006
0.93939005 -0.00249680
0.94949059 -0.00211534
0.95959150 -0.00202845
0.96969302 -0.00240954
0.97979306 -0.00168133
0.98989329 -0.00105296
0.99999572 -0.00215477
