0.99996466 0.00000000
0.98984485 0.00367955
0.97972835 0.00670454
0.96961277 0.00956257
0.95949882 0.01208548
0.94938536 0.01451222
0.93927110 0.01709748
0.92915930 0.01919613
0.91904673 0.02144763
0.90893581 0.02338586
0.89882637 0.02502166
0.88871409 0.02721469
0.87860501 0.02877929
0.86849348 0.03082600
0.85838500 0.03226930
0.84827578 0.03387381
0.83816758 0.03526234
0.82805910 0.03670809
0.81795076 0.03812552
0.80784262 0.03950449
0.79773325 0.04112359
0.78762461 0.04261360
0.77751589 0.04410459
0.76740664 0.04570161
0.75729906 0.04697007
0.74719064 0.04840306
0.73708306 0.04968338
0.72697442 0.05116001
0.71686760 0.05227710
0.70675933 0.05368044
0.69665382 0.05454109
0.68654563 0.05592914
0.67643770 0.05727694
0.66633059 0.05845152
0.65622499 0.05932957
0.64611828 0.06042485
0.63601140 0.06155452
0.62590618 0.06235714
0.61579821 0.06371447
0.60569299 0.06451709
0.59558667 0.06553477
0.58548093 0.06644131
0.57537611 0.06716350
0.56526923 0.06829344
0.55516531 0.06885148
0.54505764 0.07013594
0.53495299 0.07082657
0.52484685 0.07181149
0.51474241 0.07245828
0.50463724 0.07325151
0.49453256 0.07395293
0.48442850 0.07452748
0.47432478 0.07504016
0.46421857 0.07603805
0.45411463 0.07658705
0.44401123 0.07703754
0.43390805 0.07743629
0.42380439 0.07793189
0.41370075 0.07842863
0.40359781 0.07878184
0.39349542 0.07902630
0.38339277 0.07932652
0.37329048 0.07955200
0.36318772 0.07987535
0.35308624 0.07994136
0.34298534 0.07989126
0.33288393 0.07994863
0.32278161 0.08017944
0.31268105 0.08006169
0.30258070 0.07991086
0.29248091 0.07964270
0.28238080 0.07943671
0.27228103 0.07917013
0.26218219 0.07871624
0.25208414 0.07810506
0.24198601 0.07751162
0.23188850 0.07679738
0.22179174 0.07593467
0.21169597 0.07487417
0.20159931 0.07399191
0.19150551 0.07254443
0.18141172 0.07109757
0.17131692 0.06984556
0.16122492 0.06804346
0.15113310 0.06620704
0.14104321 0.06398733
0.13095150 0.06212902
0.12086188 0.05985752
0.11077231 0.05757627
0.10068449 0.05495009
0.09059684 0.05229050
0.08051299 0.04888146
0.07042881 0.04553627
0.06034596 0.04193125
0.05026521 0.03791025
0.04018631 0.03352710
0.03011013 0.02860501
0.02003926 0.02263788
0.00997872 0.01463272
-0.00004820 0.00000000
-0.00004847 0.00005156
0.01008498 -0.00631738
0.02020159 -0.00936835
0.03030264 -0.00935020
0.04040352 -0.00929897
0.05050440 -0.00924774
0.06060528 -0.00919651
0.07070616 -0.00914528
0.08080704 -0.00909404
0.09090792 -0.00904281
0.10100880 -0.00899158
0.11110968 -0.00894035
0.12121056 -0.00888912
0.13131144 -0.00883789
0.14141232 -0.00878666
0.15151321 -0.00873542
0.16161408 -0.00868419
0.17171496 -0.00863296
0.18181585 -0.00858173
0.19191672 -0.00853050
0.20201760 -0.00847927
0.21211848 -0.00842803
0.22221937 -0.00837680
0.23232024 -0.00832557
0.24242066 -0.00818413
0.25252122 -0.00807007
0.26262079 -0.00775867
0.27272088 -0.00755026
0.28282152 -0.00745573
0.29292084 -0.00709465
0.30302094 -0.00688725
0.31311995 -0.00647113
0.32321929 -0.00611499
0.33331952 -0.00593284
0.34341988 -0.00578249
0.35351759 -0.00510512
0.36361884 -0.00512499
0.37371676 -0.00449310
0.38381599 -0.00411479
0.39391660 -0.00401522
0.40401479 -0.00343048
0.41411540 -0.00332357
0.42421510 -0.00304406
0.43431474 -0.00274577
0.44441464 -0.00249901
0.45451456 -0.00226372
0.46461493 -0.00210967
0.47471555 -0.00200441
0.48481489 -0.00165364
0.49491503 -0.00145524
0.50501543 -0.00131210
0.51511427 -0.00085780
0.52521512 -0.00079849
0.53531534 -0.00061431
0.54541510 -0.00033999
0.55551534 -0.00016174
0.56561562 -0.00000069
0.57571597 0.00015718
0.58581711 0.00015822
0.59591619 0.00056785
0.60601641 0.00075093
0.61611762 0.00073767
0.62621827 0.00082618
0.63631797 0.00111136
0.64641940 0.00105635
0.65652050 0.00106612
0.66662101 0.00119222
0.67672204 0.00121701
0.68682327 0.00118808
0.69692325 0.00141979
0.70702464 0.00137116
0.71712571 0.00138776
0.72722680 0.00140063
0.73732819 0.00135161
0.74742800 0.00160588
0.75752985 0.00146737
0.76763203 0.00126460
0.77773106 0.00168189
0.78783391 0.00134793
0.79793415 0.00151509
0.80803517 0.00154036
0.81813691 0.00142348
0.82823765 0.00150571
0.83833954 0.00135983
0.84844056 0.00138463
0.85854226 0.00126521
0.86864405 0.00113811
0.87874499 0.00117909
0.88884663 0.00108375
0.89894880 0.00088283
0.90905107 0.00066215
0.91915267 0.00056157
0.92925424 0.00047834
0.93935602 0.00035454
0.94945715 0.00035812
0.95955856 0.00030698
0.96966079 0.00009333
0.97975931 0.00060056
0.98985747 0.00119091
0.99995572 0.00176284
