0.99983209 0.00000000
0.98966786 0.00374564
0.97950858 0.00719202
0.96936352 0.00977968
0.95921235 0.01273423
0.94906738 0.01531360
0.93891502 0.01834009
0.92876147 0.02143920
0.91861472 0.02412570
0.90846787 0.02682241
0.89832509 0.02926861
0.88817196 0.03234210
0.87802381 0.03511372
0.86788353 0.03740894
0.85774054 0.03986807
0.84758937 0.04282609
0.83744835 0.04516570
0.82730609 0.04758058
0.81716784 0.04975261
0.80702452 0.05223159
0.79688252 0.05463112
0.78674690 0.05664692
0.77660815 0.05884919
0.76645476 0.06193852
0.75631849 0.06399032
0.74617779 0.06631101
0.73604080 0.06841021
0.72590152 0.07064421
0.71575719 0.07318499
0.70562131 0.07521336
0.69548199 0.07744984
0.68534180 0.07973909
0.67520585 0.08177566
0.66506854 0.08389041
0.65493965 0.08549529
0.64479529 0.08803744
0.63466428 0.08977069
0.62452862 0.09178606
0.61439636 0.09359855
0.60426566 0.09531344
0.59413349 0.09711665
0.58399775 0.09913671
0.57387087 0.10061992
0.56374510 0.10203581
0.55361596 0.10365964
0.54348836 0.10518612
0.53336160 0.10666238
0.52323530 0.10811040
0.51311395 0.10925844
0.50299350 0.11035222
0.49286541 0.11191058
0.48274756 0.11284663
0.47263176 0.11366049
0.46250712 0.11500811
0.45240034 0.11527359
0.44228088 0.11630893
0.43217003 0.11682081
0.42205468 0.11760587
0.41194883 0.11781655
0.40183514 0.11850075
0.39173178 0.11855897
0.38162612 0.11875859
0.37152388 0.11874939
0.36141898 0.11890240
0.35131617 0.11892803
0.34122221 0.11841696
0.33112708 0.11797801
0.32102517 0.11794907
0.31092905 0.11756876
0.30083689 0.11695060
0.29074767 0.11615227
0.28065592 0.11550708
0.27056328 0.11491800
0.26047481 0.11407436
0.25039096 0.11295096
0.24030898 0.11171502
0.23023155 0.11020315
0.22014563 0.10920637
0.21007542 0.10725607
0.19999791 0.10574974
0.18993136 0.10357873
0.17986052 0.10166831
0.16980457 0.09885470
0.15973320 0.09697601
0.14967686 0.09418677
0.13962619 0.09105322
0.12957397 0.08801451
0.11952034 0.08506100
0.10948078 0.08125538
0.09944101 0.07746176
0.08940904 0.07319629
0.07938867 0.06822797
0.06936314 0.06357175
0.05935483 0.05787278
0.04934355 0.05235384
0.03934706 0.04593902
0.02936144 0.03886506
0.01940533 0.03000399
0.00946156 0.02039542
-0.00030415 0.00000000
-0.00029106 -0.00079269
0.00995430 -0.00945392
0.02011947 -0.01325737
0.03023839 -0.01425874
0.04037274 -0.01619518
0.05048141 -0.01657619
0.06058907 -0.01689562
0.07068915 -0.01675608
0.08079707 -0.01709113
0.09089091 -0.01657276
0.10098783 -0.01624203
0.11108331 -0.01582349
0.12118171 -0.01558227
0.13127393 -0.01496652
0.14136684 -0.01439249
0.15145811 -0.01371879
0.16155593 -0.01344253
0.17164831 -0.01283613
0.18174418 -0.01244119
0.19184385 -0.01227664
0.20193566 -0.01163613
0.21203030 -0.01116720
0.22213666 -0.01140773
0.23222825 -0.01075378
0.24232470 -0.01039456
0.25242498 -0.01026736
0.26252100 -0.00988096
0.27261958 -0.00964949
0.28272074 -0.00957655
0.29281741 -0.00922949
0.30291273 -0.00880102
0.31301009 -0.00849744
0.32311000 -0.00834690
0.33320569 -0.00794063
0.34330750 -0.00790711
0.35340798 -0.00779075
0.36350308 -0.00734923
0.37360630 -0.00740063
0.38369619 -0.00664301
0.39380120 -0.00680312
0.40389669 -0.00638461
0.41399701 -0.00625886
0.42410244 -0.00644427
0.43418830 -0.00544254
0.44429078 -0.00544796
0.45438710 -0.00508174
0.46449069 -0.00515392
0.47458686 -0.00477652
0.48468762 -0.00467911
0.49479223 -0.00481336
0.50488287 -0.00410318
0.51498348 -0.00399480
0.52508911 -0.00419043
0.53518039 -0.00351702
0.54528309 -0.00353576
0.55538347 -0.00341323
0.56548314 -0.00325221
0.57558473 -0.00320307
0.58568113 -0.00283956
0.59578655 -0.00302282
0.60587929 -0.00243795
0.61598488 -0.00263175
0.62608632 -0.00257705
0.63618328 -0.00224787
0.64628656 -0.00230115
0.65638530 -0.00208002
0.66648691 -0.00203198
0.67659053 -0.00210600
0.68668742 -0.00177626
0.69678861 -0.00170340
0.70688815 -0.00153042
0.71698674 -0.00129964
0.72709416 -0.00160382
0.73719072 -0.00125062
0.74729174 -0.00117062
0.75739393 -0.00115798
0.76749466 -0.00105697
0.77759586 -0.00098450
0.78769943 -0.00105584
0.79779755 -0.00080008
0.80789902 -0.00074397
0.81800049 -0.00068793
0.82810548 -0.00084514
0.83820977 -0.00095972
0.84831153 -0.00092125
0.85841405 -0.00093228
0.86851594 -0.00090177
0.87862686 -0.00141787
0.88872659 -0.00125675
0.89883139 -0.00140226
0.90893553 -0.00150742
0.91903946 -0.00160394
0.92914097 -0.00155063
0.93923859 -0.00126099
0.94933872 -0.00112374
0.95943791 -0.00092976
0.96953595 -0.00066545
0.97962211 0.00031452
0.98970365 0.00157794
0.99980196 0.00182505
