0.99998048 0.00000000
0.98986694 0.00555858
0.97975606 0.00993959
0.96964575 0.01408775
0.95953661 0.01769328
0.94942770 0.02119315
0.93931756 0.02524046
0.92920880 0.02867415
0.91909940 0.03239551
0.90899205 0.03522582
0.89888386 0.03840806
0.88877546 0.04168090
0.87866822 0.04443963
0.86856021 0.04753937
0.85845396 0.04985568
0.84834728 0.05238928
0.83824071 0.05484718
0.82813434 0.05721844
0.81802863 0.05929422
0.80792236 0.06162131
0.79781630 0.06385173
0.78771065 0.06592536
0.77760491 0.06801788
0.76749803 0.07061400
0.75739275 0.07249699
0.74728703 0.07457851
0.73718216 0.07630947
0.72707666 0.07829188
0.71697157 0.08008948
0.70686598 0.08211605
0.69676135 0.08371013
0.68665670 0.08531386
0.67655263 0.08668538
0.66644744 0.08853239
0.65634330 0.08990948
0.64623963 0.09107924
0.63613566 0.09238063
0.62603245 0.09334034
0.61592915 0.09437119
0.60582593 0.09533960
0.59572243 0.09643044
0.58561908 0.09745884
0.57551632 0.09822189
0.56541319 0.09914733
0.55531067 0.09983056
0.54520770 0.10068829
0.53510534 0.10127517
0.52500267 0.10199816
0.51490054 0.10248089
0.50479772 0.10327051
0.49469576 0.10368973
0.48459334 0.10430215
0.47449156 0.10464156
0.46438980 0.10495939
0.45428834 0.10514359
0.44418684 0.10535746
0.43408540 0.10553534
0.42398421 0.10559723
0.41388309 0.10564553
0.40378145 0.10590759
0.39368081 0.10572802
0.38357983 0.10571082
0.37347932 0.10547283
0.36337836 0.10544722
0.35327801 0.10513843
0.34317734 0.10497075
0.33307724 0.10456346
0.32297691 0.10424373
0.31287705 0.10371914
0.30277779 0.10293723
0.29267801 0.10237301
0.28257854 0.10167035
0.27247886 0.10107784
0.26237926 0.10043055
0.25228022 0.09954022
0.24218100 0.09873183
0.23208287 0.09744233
0.22198431 0.09634238
0.21188632 0.09498294
0.20178799 0.09378046
0.19169023 0.09232428
0.18159271 0.09075855
0.17149565 0.08898599
0.16139827 0.08736053
0.15130180 0.08532992
0.14120556 0.08319356
0.13110981 0.08083863
0.12101441 0.07832891
0.11091911 0.07578158
0.10082412 0.07308766
0.09073076 0.06967091
0.08063817 0.06591063
0.07054712 0.06146558
0.06045609 0.05701293
0.05036569 0.05227863
0.04027730 0.04665061
0.03019256 0.03939321
0.02010889 0.03166712
0.01003148 0.02114939
-0.00002205 0.00000000
-0.00001904 -0.00133687
0.01009886 -0.00884342
0.02020197 -0.00976796
0.03030295 -0.00974527
0.04040394 -0.00972258
0.05050492 -0.00969989
0.06060548 -0.00948741
0.07070300 -0.00792451
0.08080277 -0.00735990
0.09089968 -0.00551864
0.10099785 -0.00424524
0.11109572 -0.00283683
0.12119451 -0.00183764
0.13129190 -0.00021353
0.14139049 0.00086905
0.15148829 0.00231537
0.16158649 0.00357768
0.17168531 0.00455897
0.18178374 0.00572594
0.19188175 0.00707132
0.20198037 0.00814216
0.21207876 0.00931691
0.22217777 0.01022363
0.23227639 0.01129759
0.24237499 0.01237934
0.25247329 0.01359361
0.26257234 0.01448584
0.27267115 0.01547917
0.28277076 0.01610625
0.29286954 0.01711191
0.30296918 0.01773982
0.31306894 0.01829705
0.32316778 0.01928122
0.33326775 0.01975935
0.34336776 0.02020535
0.35346802 0.02055756
0.36356818 0.02095028
0.37366915 0.02097193
0.38376947 0.02129544
0.39387028 0.02138853
0.40397050 0.02175353
0.41407089 0.02204790
0.42417157 0.02219385
0.43427215 0.02240418
0.44437304 0.02247196
0.45447363 0.02266348
0.46457486 0.02258195
0.47467552 0.02275312
0.48477700 0.02254359
0.49487821 0.02247157
0.50497991 0.02216695
0.51508105 0.02212553
0.52518290 0.02176780
0.53528454 0.02150135
0.54538583 0.02139366
0.55548775 0.02100621
0.56558950 0.02066394
0.57569157 0.02020870
0.58579345 0.01983850
0.59589563 0.01933435
0.60599723 0.01908701
0.61609890 0.01881123
0.62620094 0.01833929
0.63630294 0.01791674
0.64640501 0.01745738
0.65650676 0.01714393
0.66660888 0.01666547
0.67671103 0.01617827
0.68681316 0.01566604
0.69691490 0.01535876
0.70701720 0.01480106
0.71711924 0.01435773
0.72722145 0.01383915
0.73732370 0.01330284
0.74742568 0.01286002
0.75752735 0.01258404
0.76762937 0.01214888
0.77773130 0.01175735
0.78783395 0.01104240
0.79793554 0.01077190
0.80803800 0.01014189
0.81814034 0.00956774
0.82824268 0.00899045
0.83834488 0.00847750
0.84844726 0.00788177
0.85854969 0.00723895
0.86865204 0.00666079
0.87875456 0.00600528
0.88885701 0.00537730
0.89896001 0.00450994
0.90906255 0.00384575
0.91916596 0.00276665
0.92926898 0.00188565
0.93937276 0.00066726
0.94947612 -0.00036347
0.95957999 -0.00161777
0.96968268 -0.00235224
0.97978394 -0.00247373
0.98988559 -0.00273932
0.99999059 -0.00450172
