0.99999870 -0.00000000
0.98989433 0.00245819
0.97979009 0.00480986
0.96968711 0.00628788
0.95958289 0.00862537
0.94947983 0.01011561
0.93937635 0.01191612
0.92927269 0.01384380
0.91916906 0.01575356
0.90906589 0.01736647
0.89896202 0.01945204
0.88885943 0.02059490
0.87875534 0.02284090
0.86865253 0.02415009
0.85854850 0.02634894
0.84844577 0.02764761
0.83834254 0.02925586
0.82823978 0.03053114
0.81813579 0.03270209
0.80803287 0.03409139
0.79792988 0.03552530
0.78782628 0.03746037
0.77772341 0.03881048
0.76762046 0.04021390
0.75751694 0.04204145
0.74741384 0.04356357
0.73731082 0.04507166
0.72720810 0.04630599
0.71710526 0.04763887
0.70700201 0.04927029
0.69690002 0.04997082
0.68679726 0.05123817
0.67669390 0.05299574
0.66659089 0.05444696
0.65648871 0.05529172
0.64638556 0.05685122
0.63628362 0.05751784
0.62618102 0.05867104
0.61607834 0.05992614
0.60597542 0.06130957
0.59587420 0.06145117
0.58577098 0.06305975
0.57566935 0.06350190
0.56556648 0.06484915
0.55546471 0.06543590
0.54536264 0.06619792
0.53526100 0.06664586
0.52515826 0.06790697
0.51505662 0.06835276
0.50495446 0.06918079
0.49485263 0.06978799
0.48475081 0.07037188
0.47464889 0.07104521
0.46454737 0.07140866
0.45444528 0.07218385
0.44434329 0.07290867
0.43424218 0.07296822
0.42414055 0.07340856
0.41403933 0.07357024
0.40393774 0.07397881
0.39383631 0.07427689
0.38373493 0.07455311
0.37363341 0.07491590
0.36353249 0.07485802
0.35343107 0.07514073
0.34332984 0.07528972
0.33322916 0.07505134
0.32312817 0.07502905
0.31302751 0.07475177
0.30292643 0.07481308
0.29282608 0.07431390
0.28272520 0.07420548
0.27262483 0.07373873
0.26252457 0.07317413
0.25242451 0.07246773
0.24232372 0.07230302
0.23222400 0.07134750
0.22212448 0.07025042
0.21202434 0.06959752
0.20192487 0.06846882
0.19182572 0.06709446
0.18172640 0.06585413
0.17162759 0.06422279
0.16152846 0.06284303
0.15143024 0.06078948
0.14133188 0.05883064
0.13123363 0.05680105
0.12113516 0.05493105
0.11103742 0.05252315
0.10094035 0.04962581
0.09084312 0.04684684
0.08074633 0.04373888
0.07065003 0.04027365
0.06055422 0.03645130
0.05045936 0.03193167
0.04036417 0.02765904
0.03027023 0.02246206
0.02017653 0.01709038
0.01008324 0.01141457
-0.00000222 0.00000000
-0.00000204 -0.00013566
0.01010100 -0.00161824
0.02020200 -0.00160448
0.03030300 -0.00159071
0.04040400 -0.00157695
0.05050500 -0.00156319
0.06060600 -0.00154942
0.07070700 -0.00153566
0.08080801 -0.00152190
0.09090901 -0.00150813
0.10100988 -0.00140001
0.11111014 -0.00084108
0.12121055 -0.00039590
0.13131077 0.00019007
0.14141128 0.00056096
0.15151141 0.00122223
0.16161188 0.00162033
0.17171205 0.00224298
0.18181243 0.00271406
0.19191254 0.00338166
0.20201283 0.00391637
0.21211361 0.00408424
0.22221424 0.00437796
0.23231389 0.00537732
0.24241440 0.00575381
0.25251485 0.00616290
0.26261501 0.00680170
0.27271560 0.00712681
0.28281603 0.00754571
0.29291650 0.00795495
0.30301737 0.00806929
0.31311702 0.00906346
0.32321779 0.00925378
0.33331842 0.00954622
0.34341867 0.01009678
0.35352015 0.00976720
0.36362008 0.01057167
0.37372069 0.01086030
0.38382159 0.01095307
0.39392227 0.01119208
0.40402284 0.01152947
0.41412350 0.01179619
0.42422465 0.01168798
0.43432502 0.01216970
0.44442586 0.01231134
0.45452654 0.01255056
0.46462785 0.01233881
0.47472870 0.01246993
0.48482948 0.01263807
0.49493081 0.01241607
0.50503171 0.01248810
0.51513252 0.01264941
0.52523380 0.01246585
0.53533529 0.01212804
0.54543596 0.01239372
0.55553761 0.01193527
0.56563853 0.01197395
0.57573940 0.01209023
0.58584006 0.01236295
0.59594164 0.01195459
0.60604328 0.01150687
0.61614434 0.01148418
0.62624533 0.01147339
0.63634705 0.01096925
0.64644840 0.01073377
0.65654977 0.01048116
0.66665046 0.01073114
0.67675206 0.01031113
0.68685395 0.00964022
0.69695501 0.00961783
0.70705613 0.00955056
0.71715785 0.00904389
0.72725969 0.00845103
0.73736073 0.00843973
0.74746186 0.00832281
0.75756330 0.00801846
0.76766487 0.00762331
0.77776660 0.00711157
0.78786800 0.00683887
0.79796974 0.00627655
0.80807161 0.00565633
0.81817259 0.00569415
0.82827408 0.00535380
0.83837557 0.00501816
0.84847763 0.00426252
0.85857865 0.00422791
0.86868120 0.00311006
0.87878165 0.00353363
0.88888400 0.00256535
0.89898513 0.00249033
0.90908666 0.00212707
0.91918913 0.00102745
0.92928996 0.00117091
0.93939170 0.00065324
0.94949271 0.00066149
0.95959436 0.00021129
0.96969529 0.00028248
0.97979705 -0.00029694
0.98989806 -0.00028318
0.99999858 0.00009263
