0.99999096 0.00000000
0.98988677 0.00148934
0.97978352 0.00253401
0.96967927 0.00407712
0.95957529 0.00546591
0.94947144 0.00679360
0.93936716 0.00832548
0.92926310 0.00974890
0.91915906 0.01116824
0.90905537 0.01244825
0.89895165 0.01371405
0.88884763 0.01512099
0.87874372 0.01647682
0.86863972 0.01787366
0.85853596 0.01915710
0.84843193 0.02059879
0.83832798 0.02197456
0.82822400 0.02336299
0.81812043 0.02455902
0.80801599 0.02616483
0.79791235 0.02739269
0.78780828 0.02885125
0.77770454 0.03012593
0.76760000 0.03177859
0.75749637 0.03300523
0.74739240 0.03438651
0.73728863 0.03570809
0.72718475 0.03704664
0.71708082 0.03841061
0.70697688 0.03978399
0.69687341 0.04092796
0.68676969 0.04219420
0.67666608 0.04343833
0.66656197 0.04488965
0.65645856 0.04600748
0.64635472 0.04733133
0.63625121 0.04849604
0.62614706 0.04996649
0.61604365 0.05111221
0.60593998 0.05235709
0.59583662 0.05345146
0.58573289 0.05472003
0.57562975 0.05571493
0.56552678 0.05662497
0.55542317 0.05786446
0.54532005 0.05885068
0.53521709 0.05975360
0.52511429 0.06058435
0.51501174 0.06129821
0.50490863 0.06227698
0.49480633 0.06288644
0.48470424 0.06337902
0.47460145 0.06422085
0.46449880 0.06498010
0.45439699 0.06534140
0.44429491 0.06584632
0.43419292 0.06629625
0.42409096 0.06672707
0.41398975 0.06682278
0.40388763 0.06732927
0.39378642 0.06740855
0.38368541 0.06740701
0.37358475 0.06722650
0.36348299 0.06757847
0.35338239 0.06737034
0.34328180 0.06715738
0.33318054 0.06727144
0.32307928 0.06737850
0.31297934 0.06685276
0.30287867 0.06669020
0.29277813 0.06645295
0.28267739 0.06631166
0.27257739 0.06583325
0.26247756 0.06525676
0.25237709 0.06498774
0.24227691 0.06458920
0.23217754 0.06380112
0.22207810 0.06305333
0.21197838 0.06242644
0.20187917 0.06156698
0.19178016 0.06061466
0.18168134 0.05957007
0.17158202 0.05875212
0.16148371 0.05746634
0.15138549 0.05614014
0.14128683 0.05501309
0.13118954 0.05324707
0.12109084 0.05214109
0.11099279 0.05073472
0.10089637 0.04855252
0.09079954 0.04656764
0.08070406 0.04393765
0.07060929 0.04097943
0.06051518 0.03770256
0.05042196 0.03400831
0.04032928 0.03006214
0.03023868 0.02513002
0.02014958 0.01948440
0.01006475 0.01182496
-0.00001128 0.00000000
-0.00001190 0.00029701
0.01010099 -0.00531062
0.02020198 -0.00528926
0.03030296 -0.00526790
0.04040395 -0.00524653
0.05050494 -0.00522517
0.06060592 -0.00520381
0.07070691 -0.00518245
0.08080790 -0.00516109
0.09090889 -0.00513972
0.10100987 -0.00511836
0.11111086 -0.00509700
0.12121185 -0.00507564
0.13131284 -0.00505428
0.14141382 -0.00503291
0.15151482 -0.00501155
0.16161580 -0.00499019
0.17171678 -0.00496883
0.18181728 -0.00471176
0.19191823 -0.00467308
0.20201851 -0.00432172
0.21211863 -0.00388998
0.22221985 -0.00397305
0.23232012 -0.00361590
0.24242019 -0.00316312
0.25252068 -0.00290761
0.26262211 -0.00309203
0.27272171 -0.00240840
0.28282253 -0.00231838
0.29292236 -0.00174463
0.30302327 -0.00168196
0.31312431 -0.00169654
0.32322484 -0.00145387
0.33332641 -0.00170344
0.34342726 -0.00162247
0.35352831 -0.00162814
0.36362901 -0.00146736
0.37373040 -0.00164198
0.38383106 -0.00146192
0.39393119 -0.00104237
0.40403202 -0.00094308
0.41413302 -0.00092163
0.42423413 -0.00096938
0.43433471 -0.00075212
0.44443565 -0.00070322
0.45453624 -0.00050114
0.46463761 -0.00065776
0.47473850 -0.00058290
0.48483980 -0.00071755
0.49494069 -0.00064940
0.50504190 -0.00074007
0.51514334 -0.00093075
0.52524442 -0.00094640
0.53534533 -0.00088284
0.54544636 -0.00087683
0.55554760 -0.00096844
0.56564860 -0.00097793
0.57574967 -0.00099120
0.58585107 -0.00115860
0.59595182 -0.00102256
0.60605254 -0.00087043
0.61615356 -0.00085702
0.62625457 -0.00087175
0.63635570 -0.00091235
0.64645672 -0.00090013
0.65655781 -0.00092425
0.66665909 -0.00103357
0.67675996 -0.00095225
0.68686075 -0.00086020
0.69696168 -0.00080689
0.70706293 -0.00090449
0.71716394 -0.00088954
0.72726433 -0.00058240
0.73736594 -0.00084822
0.74746713 -0.00094723
0.75756826 -0.00098961
0.76766909 -0.00088874
0.77777054 -0.00108130
0.78787138 -0.00098555
0.79797211 -0.00086548
0.80807355 -0.00105324
0.81817398 -0.00076107
0.82827547 -0.00097335
0.83837608 -0.00077023
0.84847762 -0.00100344
0.85857882 -0.00110862
0.86867999 -0.00116516
0.87878150 -0.00139002
0.88888301 -0.00160964
0.89898480 -0.00196212
0.90908550 -0.00180104
0.91918673 -0.00191609
0.92928798 -0.00201545
0.93938945 -0.00221692
0.94949066 -0.00229599
0.95959243 -0.00264031
0.96969438 -0.00306663
0.97979560 -0.00317923
0.98989645 -0.00308843
0.99999767 -0.00317513
