0.99997949 0.00000000
0.98987057 0.00154020
0.97976344 0.00272356
0.96964999 0.00517398
0.95954297 0.00633742
0.94943344 0.00799758
0.93932171 0.01009335
0.92921454 0.01128636
0.91910464 0.01302034
0.90899620 0.01447704
0.89889051 0.01537588
0.88877767 0.01769239
0.87867081 0.01882407
0.86856326 0.02009269
0.85845337 0.02182374
0.84834795 0.02268139
0.83823698 0.02462851
0.82813088 0.02560883
0.81802224 0.02709292
0.80791249 0.02879819
0.79780687 0.02968222
0.78769733 0.03135662
0.77759206 0.03217344
0.76748270 0.03380129
0.75737540 0.03501958
0.74726723 0.03641041
0.73716117 0.03739556
0.72705138 0.03910766
0.71694442 0.04025874
0.70683761 0.04138118
0.69673105 0.04245227
0.68662606 0.04321375
0.67651768 0.04465868
0.66640969 0.04601292
0.65630458 0.04679860
0.64619747 0.04797915
0.63609162 0.04891071
0.62598486 0.05002248
0.61587630 0.05150287
0.60577146 0.05223387
0.59566600 0.05308821
0.58556024 0.05400245
0.57545468 0.05487444
0.56535110 0.05535718
0.55524613 0.05612515
0.54513981 0.05714955
0.53503701 0.05747738
0.52493113 0.05841394
0.51482475 0.05945064
0.50471903 0.06035699
0.49461695 0.06054824
0.48450951 0.06179388
0.47440723 0.06202399
0.46430327 0.06258124
0.45419990 0.06302053
0.44409687 0.06340031
0.43399317 0.06390412
0.42389207 0.06389587
0.41378952 0.06417909
0.40368512 0.06482202
0.39358170 0.06527305
0.38347937 0.06551299
0.37337819 0.06551789
0.36327463 0.06600290
0.35317379 0.06594116
0.34307185 0.06609864
0.33297082 0.06608000
0.32287036 0.06594375
0.31276960 0.06586696
0.30266723 0.06611484
0.29256689 0.06595418
0.28246753 0.06559973
0.27236482 0.06591466
0.26226556 0.06554000
0.25216701 0.06502658
0.24206949 0.06430863
0.23197086 0.06381336
0.22186979 0.06380079
0.21177158 0.06321764
0.20167695 0.06193000
0.19157986 0.06112845
0.18148283 0.06031508
0.17138767 0.05912823
0.16129391 0.05766738
0.15120038 0.05616030
0.14110686 0.05465007
0.13101257 0.05329346
0.12092148 0.05130297
0.11082791 0.04980308
0.10073896 0.04738725
0.09064662 0.04564603
0.08056125 0.04252130
0.07047486 0.03959893
0.06039008 0.03635771
0.05030654 0.03286982
0.04022556 0.02887652
0.03014729 0.02434497
0.02007008 0.01960373
0.01000854 0.01175891
-0.00003325 0.00000000
-0.00002670 -0.00129731
0.01009886 -0.00613611
0.02020176 -0.00648570
0.03030264 -0.00643472
0.04040353 -0.00638374
0.05050441 -0.00633275
0.06060529 -0.00628177
0.07070323 -0.00564790
0.08080194 -0.00516637
0.09089759 -0.00407953
0.10099555 -0.00345009
0.11109395 -0.00290634
0.12119110 -0.00211734
0.13128977 -0.00162788
0.14138789 -0.00103141
0.15148735 -0.00069596
0.16158667 -0.00033650
0.17168601 0.00001783
0.18178210 0.00102119
0.19188055 0.00155261
0.20197928 0.00202964
0.21207886 0.00233713
0.22217881 0.00257476
0.23227825 0.00290972
0.24237664 0.00345488
0.25247479 0.00404593
0.26257492 0.00424619
0.27267382 0.00469360
0.28277434 0.00481098
0.29287478 0.00495130
0.30297502 0.00513118
0.31307500 0.00535769
0.32317372 0.00583961
0.33327510 0.00579397
0.34337486 0.00606308
0.35347461 0.00634034
0.36357486 0.00651703
0.37367416 0.00687753
0.38377705 0.00653418
0.39387534 0.00709411
0.40397612 0.00716715
0.41407870 0.00688408
0.42417803 0.00723731
0.43428055 0.00696554
0.44438093 0.00711785
0.45448145 0.00723654
0.46458332 0.00709527
0.47468354 0.00727899
0.48478497 0.00721609
0.49488683 0.00707676
0.50498875 0.00691692
0.51508956 0.00698414
0.52519132 0.00686406
0.53529340 0.00668009
0.54539421 0.00674624
0.55549559 0.00670114
0.56559946 0.00615027
0.57569819 0.00662837
0.58579992 0.00651288
0.59590349 0.00603490
0.60600149 0.00665847
0.61610444 0.00630084
0.62620736 0.00593781
0.63630819 0.00600265
0.64641138 0.00559685
0.65651318 0.00546899
0.66661578 0.00518101
0.67671613 0.00533916
0.68681848 0.00508920
0.69692116 0.00478667
0.70702421 0.00440937
0.71712702 0.00407936
0.72722923 0.00387086
0.73732973 0.00399816
0.74743061 0.00403990
0.75753417 0.00356249
0.76763656 0.00331653
0.77773941 0.00297889
0.78784212 0.00266945
0.79794288 0.00273494
0.80804780 0.00198774
0.81814702 0.00237012
0.82825171 0.00166800
0.83835097 0.00204359
0.84845543 0.00138761
0.85855863 0.00096977
0.86865964 0.00099566
0.87876635 -0.00010568
0.88886477 0.00043584
0.89896950 -0.00027444
0.90907238 -0.00061669
0.91917755 -0.00142600
0.92927761 -0.00120941
0.93938014 -0.00148372
0.94948265 -0.00175385
0.95958376 -0.00174445
0.96968465 -0.00169347
0.97978548 -0.00164248
0.98988637 -0.00159150
0.99998726 -0.00154052
