0.99991023 0.00000000
0.98974468 0.00474762
0.97959843 0.00805509
0.96945839 0.01090358
0.95933134 0.01277837
0.94919959 0.01500364
0.93906866 0.01716808
0.92893043 0.01987753
0.91879819 0.02213932
0.90867223 0.02393768
0.89854740 0.02564645
0.88841228 0.02812334
0.87828270 0.03018736
0.86815386 0.03219530
0.85802840 0.03395139
0.84789873 0.03602656
0.83777025 0.03800764
0.82764438 0.03979407
0.81752064 0.04142224
0.80739198 0.04341674
0.79726304 0.04543319
0.78713574 0.04733066
0.77701145 0.04899977
0.76688784 0.05061796
0.75676488 0.05218736
0.74663510 0.05426559
0.73651242 0.05581908
0.72638728 0.05755104
0.71626392 0.05915027
0.70613983 0.06080433
0.69602095 0.06206910
0.68589598 0.06378872
0.67577319 0.06535028
0.66565043 0.06690523
0.65552811 0.06842699
0.64540623 0.06991551
0.63528791 0.07113927
0.62516520 0.07269002
0.61505143 0.07357808
0.60492740 0.07522759
0.59480937 0.07642902
0.58468983 0.07774328
0.57457561 0.07866117
0.56445511 0.08004689
0.55433668 0.08128289
0.54422079 0.08232475
0.53410718 0.08319690
0.52399500 0.08396172
0.51387817 0.08507390
0.50376789 0.08569729
0.49364787 0.08704951
0.48353814 0.08763189
0.47342587 0.08840606
0.46331161 0.08932613
0.45320105 0.08997019
0.44308621 0.09093591
0.43297790 0.09141289
0.42286469 0.09225452
0.41275711 0.09267822
0.40264409 0.09350621
0.39253692 0.09389742
0.38242795 0.09442553
0.37232194 0.09472997
0.36221534 0.09508099
0.35211169 0.09520931
0.34200283 0.09572705
0.33189855 0.09590445
0.32179498 0.09602756
0.31169236 0.09607903
0.30158774 0.09628209
0.29149004 0.09596669
0.28138675 0.09606816
0.27129211 0.09552671
0.26119308 0.09531066
0.25109546 0.09498958
0.24100435 0.09418329
0.23091028 0.09359797
0.22082043 0.09269767
0.21073300 0.09161586
0.20064594 0.09050743
0.19056338 0.08906305
0.18048809 0.08707655
0.17040208 0.08588901
0.16033346 0.08340479
0.15025913 0.08134585
0.14019022 0.07888202
0.13011752 0.07670239
0.12005136 0.07403383
0.10998846 0.07112250
0.09992827 0.06800856
0.08987619 0.06429005
0.07982423 0.06056137
0.06978105 0.05617809
0.05974172 0.05150738
0.04970592 0.04657385
0.03968209 0.04074698
0.02966385 0.03450199
0.01966349 0.02692364
0.00968809 0.01748255
-0.00017956 0.00000000
-0.00018471 0.00038459
0.01001961 -0.00725744
0.02016260 -0.01032183
0.03027966 -0.01145205
0.04039745 -0.01263697
0.05050052 -0.01272250
0.06060062 -0.01258716
0.07070072 -0.01245181
0.08080083 -0.01231647
0.09090093 -0.01218112
0.10100103 -0.01204577
0.11110114 -0.01191043
0.12120124 -0.01177508
0.13130134 -0.01163974
0.14140144 -0.01150439
0.15150014 -0.01126350
0.16160165 -0.01123370
0.17169417 -0.01053285
0.18179388 -0.01036702
0.19189303 -0.01016122
0.20199110 -0.00987405
0.21209025 -0.00966811
0.22219141 -0.00961081
0.23229400 -0.00966120
0.24238923 -0.00916299
0.25248888 -0.00899403
0.26258875 -0.00884080
0.27268721 -0.00858176
0.28278910 -0.00858116
0.29289167 -0.00862903
0.30298740 -0.00816657
0.31308637 -0.00794835
0.32318877 -0.00798364
0.33328549 -0.00759523
0.34338470 -0.00739460
0.35348823 -0.00751425
0.36358582 -0.00719033
0.37368607 -0.00706717
0.38378558 -0.00688695
0.39388626 -0.00679633
0.40398726 -0.00672720
0.41408910 -0.00672059
0.42418807 -0.00650166
0.43428927 -0.00644781
0.44439441 -0.00668779
0.45449284 -0.00642872
0.46459533 -0.00647065
0.47469871 -0.00657913
0.48479910 -0.00646661
0.49490066 -0.00643905
0.50500028 -0.00626916
0.51510396 -0.00640017
0.52519960 -0.00593068
0.53530469 -0.00616702
0.54540083 -0.00573529
0.55550439 -0.00585702
0.56560571 -0.00581602
0.57570588 -0.00568452
0.58580599 -0.00554918
0.59590381 -0.00524272
0.60600622 -0.00527849
0.61610545 -0.00507764
0.62620455 -0.00487081
0.63630378 -0.00466963
0.64640464 -0.00459031
0.65650353 -0.00436375
0.66660087 -0.00402144
0.67670444 -0.00414374
0.68680348 -0.00393298
0.69690044 -0.00356218
0.70700101 -0.00346036
0.71710320 -0.00348033
0.72719793 -0.00294290
0.73729847 -0.00283953
0.74739674 -0.00257154
0.75749408 -0.00222897
0.76759987 -0.00251738
0.77769194 -0.00178166
0.78779185 -0.00163105
0.79789274 -0.00155829
0.80798877 -0.00111836
0.81809070 -0.00111825
0.82818956 -0.00088933
0.83828677 -0.00053743
0.84838859 -0.00052900
0.85848593 -0.00019155
0.86858579 -0.00003708
0.87868278 0.00033092
0.88878485 0.00032069
0.89888347 0.00056767
0.90898033 0.00094567
0.91907699 0.00133384
0.92917374 0.00172063
0.93927107 0.00206383
0.94937301 0.00206263
0.95946734 0.00262927
0.96957015 0.00256365
0.97966080 0.00340062
0.98975869 0.00370213
0.99986028 0.00372689
