0.99997895 0.00000000
0.98985713 0.00336719
0.97974499 0.00515426
0.96963245 0.00701538
0.95952708 0.00769648
0.94941713 0.00912506
0.93930828 0.01037263
0.92920017 0.01150087
0.91909199 0.01263990
0.90898492 0.01360700
0.89887839 0.01447713
0.88877055 0.01556108
0.87866482 0.01629970
0.86855828 0.01717099
0.85845326 0.01779400
0.84834629 0.01874456
0.83824077 0.01944953
0.82813448 0.02027924
0.81802890 0.02099354
0.80792289 0.02177864
0.79781707 0.02253275
0.78771252 0.02308853
0.77760530 0.02407024
0.76749901 0.02490034
0.75739334 0.02562989
0.74728736 0.02641008
0.73718367 0.02682454
0.72707900 0.02739069
0.71697247 0.02825995
0.70686888 0.02864908
0.69676229 0.02952821
0.68665863 0.02992902
0.67655390 0.03051370
0.66644886 0.03113952
0.65634476 0.03161221
0.64624039 0.03212954
0.63613698 0.03248842
0.62603299 0.03294252
0.61592878 0.03344254
0.60582325 0.03414917
0.59572046 0.03440708
0.58561683 0.03480226
0.57551328 0.03518477
0.56541014 0.03550133
0.55530742 0.03575852
0.54520384 0.03614548
0.53509755 0.03697498
0.52499428 0.03731300
0.51489281 0.03735422
0.50478961 0.03768014
0.49468701 0.03791293
0.48458264 0.03842836
0.47448178 0.03837677
0.46437754 0.03887176
0.45427405 0.03924399
0.44417055 0.03962411
0.43406833 0.03978955
0.42396586 0.03999444
0.41386456 0.04001421
0.40376065 0.04045683
0.39365936 0.04046971
0.38355705 0.04065449
0.37345391 0.04097030
0.36335217 0.04106189
0.35325056 0.04112635
0.34314952 0.04109948
0.33304995 0.04083541
0.32294798 0.04096067
0.31284501 0.04124853
0.30274538 0.04099487
0.29264479 0.04089289
0.28254291 0.04100358
0.27244153 0.04103577
0.26233982 0.04111738
0.25223963 0.04095159
0.24213849 0.04094162
0.23203923 0.04062641
0.22193724 0.04075593
0.21183827 0.04039045
0.20173800 0.04023897
0.19163854 0.03995580
0.18153918 0.03965502
0.17144031 0.03927383
0.16134367 0.03852951
0.15124566 0.03800840
0.14114855 0.03733909
0.13105207 0.03656821
0.12095627 0.03568459
0.11085942 0.03497571
0.10076757 0.03344676
0.09067293 0.03237498
0.08058056 0.03093195
0.07049233 0.02881099
0.06040369 0.02675933
0.05031708 0.02437537
0.04023116 0.02187826
0.03014914 0.01874261
0.02007018 0.01510963
0.01000248 0.00963401
-0.00003977 0.00000000
-0.00004262 0.00046592
0.01008975 -0.00462977
0.02019730 -0.00566756
0.03030168 -0.00618770
0.04039993 -0.00570512
0.05050080 -0.00565095
0.06060181 -0.00562071
0.07070206 -0.00546521
0.08080275 -0.00538171
0.09090252 -0.00514854
0.10100294 -0.00502136
0.11110547 -0.00523897
0.12120736 -0.00535124
0.13130741 -0.00516409
0.14140888 -0.00520830
0.15150968 -0.00514253
0.16161177 -0.00528859
0.17171142 -0.00503588
0.18181333 -0.00515062
0.19191392 -0.00505133
0.20201613 -0.00521682
0.21211723 -0.00520247
0.22221806 -0.00514066
0.23231888 -0.00507886
0.24241970 -0.00501706
0.25252051 -0.00495525
0.26262134 -0.00489345
0.27272218 -0.00483165
0.28282298 -0.00476984
0.29292381 -0.00470804
0.30302464 -0.00464624
0.31312544 -0.00458443
0.32322627 -0.00452263
0.33332710 -0.00446083
0.34342791 -0.00439902
0.35352874 -0.00433722
0.36362957 -0.00427542
0.37373037 -0.00421361
0.38383120 -0.00415181
0.39393200 -0.00409001
0.40403283 -0.00402821
0.41413366 -0.00396640
0.42423447 -0.00390460
0.43433530 -0.00384280
0.44443613 -0.00378099
0.45453693 -0.00371919
0.46463776 -0.00365739
0.47473859 -0.00359558
0.48483939 -0.00353378
0.49494023 -0.00347198
0.50504103 -0.00341017
0.51514186 -0.00334837
0.52524269 -0.00328657
0.53534352 -0.00322476
0.54544435 -0.00316296
0.55554518 -0.00310116
0.56564595 -0.00303936
0.57574679 -0.00297755
0.58584762 -0.00291575
0.59594845 -0.00285395
0.60604928 -0.00279214
0.61615011 -0.00273034
0.62625088 -0.00266854
0.63635113 -0.00251164
0.64645255 -0.00254493
0.65655117 -0.00212238
0.66665214 -0.00208391
0.67675211 -0.00188028
0.68685419 -0.00203308
0.69695149 -0.00139419
0.70705285 -0.00141831
0.71715263 -0.00118515
0.72725358 -0.00114227
0.73735506 -0.00118611
0.74745357 -0.00075596
0.75755406 -0.00063786
0.76765419 -0.00046069
0.77775580 -0.00052748
0.78785426 -0.00007730
0.79795437 0.00009241
0.80805535 0.00012939
0.81815471 0.00043306
0.82825541 0.00051525
0.83835662 0.00051608
0.84845548 0.00089977
0.85855675 0.00087926
0.86865822 0.00083682
0.87875962 0.00080573
0.88885944 0.00103290
0.89895967 0.00119341
0.90906045 0.00126368
0.91916259 0.00110217
0.92926281 0.00126378
0.93936291 0.00144402
0.94946224 0.00175103
0.95956544 0.00142616
0.96966674 0.00141104
0.97976132 0.00248599
0.98986256 0.00247966
0.99996632 0.00206312
