0.99959936 -0.00000000
0.98943606 0.00252890
0.97926586 0.00535167
0.96910771 0.00766424
0.95893441 0.01061902
0.94876651 0.01334376
0.93860404 0.01583772
0.92844604 0.01814168
0.91829571 0.02011927
0.90814254 0.02222045
0.89799112 0.02424438
0.88784019 0.02624774
0.87768654 0.02836656
0.86754307 0.03005250
0.85739555 0.03191095
0.84724856 0.03374926
0.83709662 0.03579541
0.82695009 0.03761191
0.81680419 0.03940126
0.80665186 0.04146380
0.79650595 0.04325390
0.78636011 0.04504317
0.77621408 0.04683795
0.76606582 0.04872786
0.75591786 0.05060499
0.74577572 0.05223444
0.73563462 0.05382221
0.72548864 0.05561511
0.71535188 0.05701601
0.70521089 0.05859648
0.69506524 0.06037544
0.68492445 0.06194744
0.67477774 0.06377375
0.66464139 0.06515731
0.65449675 0.06689315
0.64435742 0.06840334
0.63422498 0.06962038
0.62408421 0.07119158
0.61394858 0.07254690
0.60381172 0.07395170
0.59367795 0.07522574
0.58354319 0.07654155
0.57341180 0.07771393
0.56327765 0.07900346
0.55315023 0.08000997
0.54301742 0.08124287
0.53289307 0.08211602
0.52276131 0.08330402
0.51263877 0.08410036
0.50251268 0.08504735
0.49239425 0.08567036
0.48227235 0.08643897
0.47215632 0.08695996
0.46203368 0.08776027
0.45191540 0.08837521
0.44180388 0.08870418
0.43169046 0.08911275
0.42157641 0.08954791
0.41146612 0.08982441
0.40135583 0.09010011
0.39125155 0.09011975
0.38114228 0.09035317
0.37103823 0.09036302
0.36092988 0.09055714
0.35082374 0.09065628
0.34072290 0.09052952
0.33062344 0.09034594
0.32051810 0.09041072
0.31041645 0.09031873
0.30032067 0.08997859
0.29021762 0.08994612
0.28012212 0.08959239
0.27002315 0.08938787
0.25992940 0.08896001
0.24983973 0.08835865
0.23974711 0.08788303
0.22965405 0.08742657
0.21956817 0.08666481
0.20948889 0.08562167
0.19939593 0.08516095
0.18932541 0.08374595
0.17924976 0.08254890
0.16918198 0.08101690
0.15911882 0.07928903
0.14906028 0.07736471
0.13899350 0.07579007
0.12894129 0.07359670
0.11888253 0.07168143
0.10884666 0.06879327
0.09879188 0.06670894
0.08876175 0.06357662
0.07874331 0.05994699
0.06873071 0.05606901
0.05872803 0.05176947
0.04873104 0.04722809
0.03874727 0.04212479
0.02878690 0.03602601
0.01884766 0.02902933
0.00900047 0.01811866
-0.00067719 0.00000000
-0.00064600 -0.00132625
0.00976358 -0.01432709
0.02002995 -0.02123901
0.03018798 -0.02354484
0.04034487 -0.02580176
0.05045934 -0.02625541
0.06058184 -0.02705015
0.07068752 -0.02713010
0.08078574 -0.02689260
0.09088396 -0.02665509
0.10098217 -0.02641759
0.11108039 -0.02618008
0.12117861 -0.02594257
0.13127683 -0.02570507
0.14137504 -0.02546756
0.15147327 -0.02523006
0.16157148 -0.02499255
0.17166969 -0.02475505
0.18176792 -0.02451754
0.19186613 -0.02428003
0.20195347 -0.02357998
0.21204839 -0.02320274
0.22214153 -0.02274878
0.23222282 -0.02179177
0.24231525 -0.02130823
0.25240801 -0.02083913
0.26249454 -0.02010427
0.27258776 -0.01965359
0.28267920 -0.01912881
0.29277666 -0.01885874
0.30286827 -0.01833989
0.31295815 -0.01774855
0.32305113 -0.01728809
0.33314674 -0.01693913
0.34323508 -0.01628263
0.35333353 -0.01605451
0.36342817 -0.01566457
0.37352473 -0.01535723
0.38362024 -0.01500448
0.39371711 -0.01471049
0.40381076 -0.01427816
0.41391311 -0.01421617
0.42400517 -0.01371770
0.43410640 -0.01360789
0.44419882 -0.01312345
0.45429904 -0.01297190
0.46440134 -0.01290744
0.47449876 -0.01263564
0.48459949 -0.01250575
0.49469754 -0.01226071
0.50479981 -0.01219624
0.51489720 -0.01192305
0.52499751 -0.01177433
0.53509723 -0.01160010
0.54519543 -0.01136123
0.55529530 -0.01119365
0.56540322 -0.01137070
0.57550358 -0.01122388
0.58560859 -0.01127490
0.59570378 -0.01090800
0.60580996 -0.01100860
0.61591408 -0.01102172
0.62601608 -0.01094740
0.63612207 -0.01103968
0.64622390 -0.01095535
0.65632856 -0.01099153
0.66643321 -0.01102706
0.67652870 -0.01067324
0.68663598 -0.01082314
0.69673464 -0.01060390
0.70683858 -0.01060931
0.71693448 -0.01027262
0.72703776 -0.01025013
0.73713786 -0.01009194
0.74723879 -0.00997206
0.75733964 -0.00984622
0.76743992 -0.00969596
0.77754118 -0.00958707
0.78764424 -0.00955535
0.79774666 -0.00949867
0.80784325 -0.00919135
0.81795156 -0.00938258
0.82804998 -0.00915306
0.83815028 -0.00900378
0.84825029 -0.00884216
0.85834846 -0.00860465
0.86844669 -0.00836715
0.87854492 -0.00812964
0.88864314 -0.00789213
0.89874137 -0.00765463
0.90883960 -0.00741712
0.91893777 -0.00717962
0.92903600 -0.00694211
0.93913422 -0.00670461
0.94923245 -0.00646710
0.95933068 -0.00622959
0.96942891 -0.00599209
0.97952707 -0.00575458
0.98961276 -0.00498397
0.99968156 -0.00349511
