1.00000000 0.00000000
0.98989897 0.00182632
0.97979795 0.00482637
0.96969698 0.00663263
0.95959596 0.00787202
0.94949493 0.00994087
0.93939391 0.01100061
0.92929288 0.01335047
0.91919186 0.01456468
0.90909089 0.01602112
0.89898987 0.01775386
0.88888884 0.01918231
0.87878782 0.02055930
0.86868679 0.02197104
0.85858577 0.02330768
0.84848480 0.02481940
0.83838378 0.02624288
0.82828276 0.02736735
0.81818173 0.02848262
0.80808071 0.03005660
0.79797969 0.03109718
0.78787872 0.03256101
0.77777770 0.03356449
0.76767667 0.03505407
0.75757565 0.03617500
0.74747463 0.03742401
0.73737366 0.03861617
0.72727264 0.03955515
0.71717162 0.04068710
0.70707059 0.04207727
0.69696957 0.04276260
0.68686855 0.04414963
0.67676758 0.04489949
0.66666656 0.04603755
0.65656554 0.04677090
0.64646451 0.04789299
0.63636349 0.04835839
0.62626247 0.04993037
0.61616150 0.05034388
0.60606048 0.05102606
0.59595946 0.05211882
0.58585844 0.05268736
0.57575741 0.05361195
0.56565639 0.05398725
0.55555543 0.05494918
0.54545441 0.05584001
0.53535339 0.05640351
0.52525236 0.05681538
0.51515134 0.05739444
0.50505032 0.05816331
0.49494933 0.05851472
0.48484831 0.05904368
0.47474731 0.05946172
0.46464629 0.06005914
0.45454527 0.06036929
0.44444428 0.06057538
0.43434326 0.06143383
0.42424224 0.06170691
0.41414125 0.06182911
0.40404022 0.06226655
0.39393920 0.06233450
0.38383821 0.06259756
0.37373719 0.06275802
0.36363620 0.06287822
0.35353518 0.06295129
0.34343416 0.06300604
0.33333317 0.06277317
0.32323215 0.06297067
0.31313113 0.06323257
0.30303014 0.06308860
0.29292912 0.06273142
0.28282810 0.06308309
0.27272711 0.06273822
0.26262609 0.06216149
0.25252507 0.06233714
0.24242406 0.06156124
0.23232306 0.06146123
0.22222206 0.06091996
0.21212104 0.06044804
0.20202003 0.05983835
0.19191903 0.05921319
0.18181803 0.05831316
0.17171701 0.05748042
0.16161601 0.05622411
0.15151500 0.05501667
0.14141399 0.05407876
0.13131298 0.05265651
0.12121198 0.05115805
0.11111097 0.04960693
0.10100997 0.04725130
0.09090897 0.04566522
0.08080796 0.04334332
0.07070695 0.04078128
0.06060595 0.03748905
0.05050496 0.03378593
0.04040396 0.03012707
0.03030296 0.02581086
0.02020196 0.02121475
0.01010098 0.01209953
-0.00000000 0.00000000
-0.00000000 0.00089025
0.01010101 -0.00000274
0.02020202 -0.00000272
0.03030303 -0.00000269
0.04040404 -0.00000266
0.05050505 -0.00000263
0.06060606 0.00103896
0.07070706 0.00189157
0.08080807 0.00246902
0.09090908 0.00312407
0.10101009 0.00362144
0.11111110 0.00393284
0.12121211 0.00425685
0.13131312 0.00432030
0.14141412 0.00461752
0.15151514 0.00478789
0.16161615 0.00482577
0.17171715 0.00462219
0.18181817 0.00483143
0.19191918 0.00513768
0.20202018 0.00548294
0.21212119 0.00531315
0.22222221 0.00517811
0.23232321 0.00547897
0.24242422 0.00553040
0.25252522 0.00569476
0.26262625 0.00551756
0.27272727 0.00568379
0.28282826 0.00553791
0.29292928 0.00589708
0.30303030 0.00556481
0.31313129 0.00573632
0.32323231 0.00595391
0.33333333 0.00600392
0.34343432 0.00596618
0.35353534 0.00604128
0.36363636 0.00602596
0.37373735 0.00601556
0.38383837 0.00633075
0.39393936 0.00612264
0.40404038 0.00608988
0.41414140 0.00647657
0.42424239 0.00619124
0.43434341 0.00609122
0.44444443 0.00671128
0.45454542 0.00627948
0.46464644 0.00645415
0.47474746 0.00649584
0.48484845 0.00631529
0.49494947 0.00652999
0.50505046 0.00634533
0.51515148 0.00659114
0.52525250 0.00649434
0.53535352 0.00655263
0.54545454 0.00644445
0.55555556 0.00641828
0.56565653 0.00636782
0.57575755 0.00616206
0.58585857 0.00617899
0.59595959 0.00650434
0.60606061 0.00644905
0.61616163 0.00675268
0.62626259 0.00637648
0.63636361 0.00663877
0.64646463 0.00619907
0.65656565 0.00607419
0.66666667 0.00637645
0.67676769 0.00599018
0.68686865 0.00613305
0.69696967 0.00590649
0.70707069 0.00631573
0.71717171 0.00603040
0.72727273 0.00604417
0.73737375 0.00589623
0.74747471 0.00563543
0.75757574 0.00551300
0.76767676 0.00528572
0.77777778 0.00522397
0.78787880 0.00553946
0.79797976 0.00494043
0.80808078 0.00523943
0.81818180 0.00480590
0.82828282 0.00458589
0.83838384 0.00453517
0.84848486 0.00459411
0.85858582 0.00405988
0.86868684 0.00386193
0.87878787 0.00359403
0.88888889 0.00361504
0.89898991 0.00326588
0.90909093 0.00302871
0.91919189 0.00238921
0.92929291 0.00239123
0.93939393 0.00180997
0.94949495 0.00140266
0.95959597 0.00152133
0.96969700 0.00085009
0.97979796 0.00052241
0.98989898 0.00009439
1.00000000 0.00000000
