1.00000848 0.00000000
0.98991587 0.00241028
0.97982384 0.00498480
0.96972997 0.00702073
0.95963722 0.00939167
0.94954377 0.01156401
0.93945076 0.01386250
0.92935651 0.01580507
0.91926115 0.01743373
0.90916684 0.01934634
0.89907217 0.02116913
0.88897767 0.02304330
0.87888239 0.02469484
0.86878852 0.02674622
0.85869317 0.02837842
0.84859854 0.03019671
0.83850353 0.03192545
0.82840853 0.03365689
0.81831269 0.03515004
0.80821789 0.03693787
0.79812237 0.03851819
0.78802635 0.03994199
0.77793087 0.04153650
0.76783527 0.04309890
0.75774019 0.04480704
0.74764422 0.04626208
0.73754845 0.04775546
0.72745278 0.04929463
0.71735726 0.05087852
0.70726147 0.05238505
0.69716588 0.05394805
0.68707035 0.05552817
0.67697523 0.05720931
0.66687857 0.05846544
0.65678268 0.05994458
0.64668688 0.06144872
0.63659002 0.06264841
0.62649554 0.06452732
0.61639860 0.06569029
0.60630256 0.06712470
0.59620651 0.06855592
0.58611004 0.06987073
0.57601343 0.07114334
0.56591757 0.07262811
0.55582064 0.07379487
0.54572438 0.07516493
0.53562760 0.07639046
0.52553123 0.07773046
0.51543314 0.07858345
0.50533699 0.07998636
0.49523929 0.08094191
0.48514308 0.08232622
0.47504561 0.08334629
0.46494883 0.08457244
0.45485135 0.08559594
0.44475403 0.08665883
0.43465592 0.08750491
0.42455803 0.08841209
0.41445982 0.08922253
0.40436150 0.09000714
0.39426243 0.09058101
0.38416397 0.09131971
0.37406484 0.09187383
0.36396596 0.09249261
0.35386627 0.09288919
0.34376639 0.09323311
0.33366590 0.09339321
0.32356577 0.09366265
0.31346541 0.09386894
0.30336454 0.09392044
0.29326298 0.09378374
0.28316243 0.09393666
0.27306053 0.09369660
0.26295786 0.09324292
0.25285508 0.09275986
0.24275177 0.09212353
0.23264820 0.09141034
0.22254359 0.09040377
0.21243943 0.08952571
0.20233488 0.08853735
0.19222784 0.08683664
0.18212225 0.08554883
0.17201552 0.08394294
0.16190779 0.08204803
0.15180005 0.08014925
0.14169213 0.07820168
0.13158351 0.07605471
0.12147354 0.07352239
0.11136207 0.07056143
0.10124985 0.06739019
0.09113816 0.06436927
0.08102211 0.06010658
0.07090761 0.05628610
0.06078821 0.05107051
0.05066938 0.04601673
0.04054893 0.04050280
0.03042444 0.03384032
0.02029883 0.02685682
0.01016230 0.01676740
0.00000231 0.00000000
0.00000323 0.00026253
0.01010095 -0.00069260
0.02020190 -0.00072810
0.03030284 -0.00076359
0.04040379 -0.00079909
0.05050474 -0.00083459
0.06060568 -0.00087008
0.07070684 -0.00084508
0.08080811 -0.00079191
0.09091152 -0.00012685
0.10101370 0.00018974
0.11111438 0.00007795
0.12121543 0.00007371
0.13131709 0.00023801
0.14141676 -0.00016000
0.15151834 -0.00001731
0.16161913 -0.00009575
0.17171971 -0.00023618
0.18182127 -0.00009948
0.19192339 0.00020024
0.20202477 0.00028866
0.21212577 0.00026911
0.22222715 0.00035425
0.23232847 0.00042688
0.24243065 0.00074147
0.25253213 0.00086035
0.26263392 0.00106130
0.27273547 0.00119488
0.28283696 0.00131876
0.29293922 0.00165275
0.30304090 0.00182221
0.31314249 0.00197616
0.32324465 0.00228202
0.33334627 0.00243696
0.34344831 0.00271534
0.35354960 0.00277435
0.36365101 0.00286801
0.37375256 0.00301017
0.38385369 0.00302477
0.39395487 0.00306095
0.40405661 0.00324602
0.41415758 0.00321353
0.42425878 0.00325767
0.43435941 0.00312749
0.44446044 0.00311295
0.45456130 0.00305695
0.46466226 0.00302246
0.47476274 0.00285158
0.48486332 0.00271747
0.49496420 0.00265956
0.50506471 0.00250611
0.51516524 0.00234756
0.52526628 0.00233477
0.53536749 0.00237250
0.54546757 0.00208666
0.55556905 0.00219848
0.56566871 0.00181141
0.57577032 0.00196089
0.58587026 0.00163644
0.59597128 0.00161715
0.60607153 0.00138246
0.61617258 0.00137158
0.62627335 0.00129979
0.63637412 0.00121080
0.64647433 0.00096388
0.65657480 0.00078918
0.66667556 0.00069644
0.67677606 0.00052951
0.68687699 0.00050296
0.69697759 0.00036810
0.70707792 0.00015209
0.71717854 0.00002180
0.72727993 0.00010909
0.73738029 -0.00009828
0.74748020 -0.00041248
0.75758076 -0.00056173
0.76768088 -0.00083583
0.77778158 -0.00094666
0.78788186 -0.00117298
0.79798299 -0.00114395
0.80808304 -0.00143652
0.81818303 -0.00174939
0.82828331 -0.00197741
0.83838378 -0.00214990
0.84848398 -0.00240349
0.85858375 -0.00275945
0.86868432 -0.00290462
0.87878450 -0.00316157
0.88888587 -0.00307965
0.89898503 -0.00362667
0.90908600 -0.00366002
0.91918622 -0.00388723
0.92928718 -0.00392273
0.93938814 -0.00395822
0.94948910 -0.00399372
0.95959005 -0.00402921
0.96969101 -0.00406471
0.97979191 -0.00410020
0.98989287 -0.00413570
0.99999383 -0.00417120
