0.99957222 0.00000000
0.98936150 0.00364212
0.97917421 0.00647500
0.96901242 0.00842952
0.95885486 0.01023590
0.94868705 0.01239600
0.93853949 0.01385709
0.92837266 0.01598344
0.91822309 0.01751385
0.90807304 0.01906302
0.89792603 0.02050507
0.88777080 0.02223069
0.87762641 0.02358218
0.86748033 0.02499226
0.85732396 0.02675727
0.84718124 0.02805329
0.83703449 0.02948634
0.82689336 0.03072531
0.81674659 0.03215899
0.80660204 0.03351587
0.79645262 0.03504109
0.78631290 0.03623339
0.77616765 0.03761464
0.76602340 0.03896121
0.75587876 0.04032131
0.74574144 0.04142888
0.73559746 0.04276824
0.72545876 0.04392303
0.71532225 0.04500253
0.70518561 0.04608642
0.69504970 0.04714511
0.68491375 0.04820507
0.67477531 0.04935324
0.66464765 0.05012699
0.65450767 0.05132607
0.64437506 0.05227075
0.63423318 0.05353552
0.62410670 0.05426854
0.61397431 0.05520762
0.60384209 0.05613896
0.59371552 0.05687525
0.58358976 0.05758307
0.57345534 0.05859046
0.56332513 0.05945223
0.55321293 0.05969420
0.54307986 0.06065485
0.53296160 0.06110403
0.52283567 0.06181799
0.51270838 0.06257889
0.50258567 0.06318155
0.49246506 0.06371284
0.48234275 0.06430186
0.47222344 0.06478849
0.46210489 0.06524747
0.45198844 0.06563431
0.44187224 0.06601331
0.43175139 0.06655177
0.42164360 0.06663939
0.41152407 0.06713347
0.40141429 0.06728970
0.39130518 0.06742291
0.38119686 0.06752963
0.37108963 0.06759789
0.36098063 0.06772838
0.35087497 0.06774243
0.34076993 0.06773487
0.33066606 0.06768818
0.32056196 0.06764833
0.31046030 0.06752412
0.30035770 0.06743363
0.29026156 0.06711874
0.28016319 0.06688082
0.27006739 0.06655538
0.25997590 0.06608030
0.24988042 0.06574259
0.23978645 0.06535340
0.22969698 0.06480903
0.21961197 0.06411041
0.20952840 0.06336157
0.19944229 0.06270081
0.18937248 0.06147739
0.17929663 0.06046252
0.16922939 0.05914955
0.15917065 0.05754395
0.14910785 0.05607830
0.13903897 0.05482196
0.12897603 0.05336120
0.11891877 0.05170412
0.10887379 0.04962320
0.09880839 0.04824707
0.08877714 0.04569186
0.07875819 0.04271179
0.06872220 0.04032000
0.05871379 0.03697611
0.04869965 0.03382990
0.03869813 0.03024789
0.02872438 0.02570689
0.01875592 0.02098328
0.00885448 0.01394512
-0.00084695 0.00000000
-0.00080188 -0.00155643
0.00957134 -0.01081066
0.01981758 -0.01567994
0.02998596 -0.01786009
0.04016579 -0.02043582
0.05028603 -0.02095376
0.06042021 -0.02195316
0.07052566 -0.02196012
0.08063258 -0.02201810
0.09072556 -0.02159444
0.10080256 -0.02061914
0.11088303 -0.01976356
0.12097141 -0.01918133
0.13105903 -0.01857241
0.14113396 -0.01752581
0.15120007 -0.01617405
0.16128799 -0.01557586
0.17136115 -0.01446811
0.18143835 -0.01349914
0.19152992 -0.01302708
0.20160037 -0.01182600
0.21168685 -0.01117817
0.22177299 -0.01051804
0.23185655 -0.00976929
0.24194343 -0.00913522
0.25203325 -0.00860256
0.26212307 -0.00806987
0.27220865 -0.00739026
0.28230570 -0.00710787
0.29240095 -0.00676238
0.30249163 -0.00625918
0.31258013 -0.00568172
0.32266574 -0.00500318
0.33275961 -0.00461003
0.34285777 -0.00436624
0.35295084 -0.00394526
0.36304662 -0.00361815
0.37314007 -0.00321163
0.38323779 -0.00295125
0.39333686 -0.00273880
0.40342970 -0.00231025
0.41353205 -0.00220988
0.42362796 -0.00188819
0.43373273 -0.00187155
0.44383145 -0.00164582
0.45392814 -0.00135106
0.46403247 -0.00131923
0.47413451 -0.00120803
0.48423162 -0.00092793
0.49433801 -0.00096712
0.50443522 -0.00069033
0.51453986 -0.00066919
0.52463832 -0.00043455
0.53473770 -0.00023160
0.54484283 -0.00022736
0.55494122 0.00000985
0.56504861 -0.00006598
0.57514961 0.00008075
0.58525392 0.00011362
0.59535623 0.00021525
0.60545989 0.00027009
0.61555774 0.00052591
0.62566402 0.00048833
0.63577051 0.00044592
0.64587532 0.00046107
0.65598212 0.00040768
0.66608831 0.00037543
0.67619383 0.00036615
0.68629768 0.00041276
0.69640308 0.00040780
0.70651387 0.00021660
0.71661958 0.00020074
0.72673048 0.00000599
0.73683478 0.00003895
0.74694237 -0.00004382
0.75704423 0.00007330
0.76715574 -0.00014281
0.77726784 -0.00037914
0.78736934 -0.00024954
0.79747888 -0.00039958
0.80758523 -0.00043751
0.81768710 -0.00032039
0.82780604 -0.00079311
0.83790649 -0.00062737
0.84802069 -0.00093621
0.85812640 -0.00095383
0.86824062 -0.00126342
0.87834348 -0.00118101
0.88845545 -0.00141267
0.89856810 -0.00166807
0.90866746 -0.00146462
0.91878209 -0.00179053
0.92888600 -0.00174410
0.93898339 -0.00147246
0.94909491 -0.00168869
0.95918443 -0.00114548
0.96929070 -0.00118053
0.97938743 -0.00088816
0.98948422 -0.00059578
0.99958100 -0.00030341
