0.99998188 0.00000000
0.98987435 0.00331563
0.97976976 0.00512932
0.96966436 0.00738635
0.95956022 0.00896665
0.94945559 0.01080183
0.93935065 0.01279198
0.92924648 0.01439320
0.91914178 0.01626149
0.90903804 0.01767091
0.89893422 0.01909010
0.88882983 0.02080211
0.87872614 0.02215916
0.86862225 0.02361132
0.85851882 0.02483415
0.84841490 0.02633715
0.83831122 0.02768288
0.82820739 0.02910980
0.81810395 0.03033283
0.80800048 0.03157467
0.79789699 0.03282766
0.78779371 0.03400182
0.77769074 0.03498975
0.76758732 0.03620408
0.75748381 0.03746506
0.74738106 0.03833804
0.73727820 0.03930034
0.72717562 0.04008698
0.71707249 0.04115552
0.70697027 0.04175614
0.69686757 0.04260378
0.68676483 0.04347381
0.67666246 0.04418321
0.66655987 0.04497435
0.65645739 0.04571006
0.64635474 0.04653196
0.63625260 0.04709619
0.62615014 0.04782039
0.61604782 0.04850219
0.60594553 0.04914119
0.59584358 0.04960877
0.58574144 0.05017094
0.57563950 0.05063071
0.56553703 0.05136023
0.55543535 0.05171587
0.54533321 0.05227923
0.53523132 0.05271427
0.52512909 0.05332323
0.51502729 0.05371120
0.50492534 0.05417199
0.49482367 0.05450912
0.48472193 0.05486974
0.47462023 0.05522077
0.46451844 0.05560463
0.45441639 0.05611974
0.44431487 0.05638178
0.43421348 0.05655905
0.42411203 0.05677012
0.41401089 0.05683600
0.40390935 0.05709290
0.39380838 0.05705766
0.38370721 0.05713841
0.37360582 0.05731526
0.36350480 0.05732264
0.35340429 0.05705002
0.34330278 0.05729068
0.33320231 0.05701520
0.32310086 0.05722347
0.31300105 0.05659683
0.30290042 0.05640479
0.29279990 0.05613674
0.28269932 0.05590244
0.27259885 0.05562720
0.26249870 0.05517186
0.25239813 0.05493363
0.24229754 0.05470998
0.23219785 0.05402934
0.22209768 0.05359450
0.21199787 0.05296372
0.20189805 0.05234742
0.19179813 0.05178673
0.18169868 0.05097976
0.17159924 0.05016611
0.16150021 0.04914277
0.15140135 0.04803986
0.14130237 0.04698922
0.13120348 0.04589850
0.12110533 0.04442455
0.11100698 0.04305863
0.10090876 0.04162194
0.09081073 0.04009169
0.08071430 0.03774013
0.07061731 0.03567657
0.06052067 0.03343810
0.05042490 0.03074852
0.04032974 0.02775549
0.03023578 0.02414189
0.02014477 0.01902747
0.01005531 0.01311826
-0.00002004 0.00000000
-0.00001931 -0.00037172
0.01009482 -0.00706231
0.02020198 -0.01019425
0.03030297 -0.01017447
0.04040396 -0.01015469
0.05050495 -0.01013491
0.06060594 -0.01011514
0.07070693 -0.01009536
0.08080793 -0.01007558
0.09090892 -0.01005580
0.10100937 -0.00976265
0.11110964 -0.00937413
0.12120944 -0.00874859
0.13130934 -0.00817095
0.14140935 -0.00764981
0.15150915 -0.00702036
0.16160935 -0.00659742
0.17170914 -0.00596559
0.18180922 -0.00547408
0.19190937 -0.00502688
0.20200950 -0.00457148
0.21210980 -0.00420433
0.22221034 -0.00394446
0.23231041 -0.00346078
0.24241056 -0.00301245
0.25251092 -0.00267423
0.26261193 -0.00265976
0.27271170 -0.00201157
0.28281263 -0.00196697
0.29291333 -0.00179368
0.30301376 -0.00148137
0.31311481 -0.00150632
0.32321526 -0.00120181
0.33331615 -0.00112625
0.34341693 -0.00101027
0.35351729 -0.00066293
0.36361834 -0.00066640
0.37371944 -0.00071410
0.38382054 -0.00074192
0.39392162 -0.00077834
0.40402226 -0.00057716
0.41412362 -0.00073822
0.42422474 -0.00079403
0.43432591 -0.00086279
0.44442685 -0.00081059
0.45452791 -0.00083769
0.46462944 -0.00108569
0.47473079 -0.00124603
0.48483178 -0.00123424
0.49493337 -0.00151875
0.50503473 -0.00169650
0.51513639 -0.00201063
0.52523822 -0.00241589
0.53533896 -0.00226033
0.54544069 -0.00261425
0.55554269 -0.00310561
0.56564351 -0.00302527
0.57574527 -0.00338983
0.58584690 -0.00369382
0.59594823 -0.00383998
0.60604978 -0.00410172
0.61615092 -0.00415394
0.62625229 -0.00435416
0.63635369 -0.00453704
0.64645508 -0.00471292
0.65655641 -0.00486125
0.66665816 -0.00522456
0.67675911 -0.00517954
0.68686046 -0.00536712
0.69696149 -0.00536552
0.70706254 -0.00537120
0.71716380 -0.00548342
0.72726573 -0.00593669
0.73736614 -0.00561600
0.74746742 -0.00576660
0.75756872 -0.00590388
0.76767022 -0.00613418
0.77777108 -0.00604722
0.78787253 -0.00625329
0.79797363 -0.00631487
0.80807469 -0.00632478
0.81817591 -0.00641637
0.82827714 -0.00651673
0.83837802 -0.00643487
0.84847931 -0.00655960
0.85858027 -0.00655220
0.86868140 -0.00659900
0.87878289 -0.00682849
0.88888375 -0.00673423
0.89898550 -0.00710028
0.90908577 -0.00670496
0.91918775 -0.00721510
0.92928874 -0.00719186
0.93938965 -0.00712246
0.94949024 -0.00689553
0.95959114 -0.00682125
0.96969191 -0.00668530
0.97979087 -0.00565171
0.98988998 -0.00466777
0.99999218 -0.00526058
