1.00000007 0.00000000
0.98989908 0.00018223
0.97979812 0.00066795
0.96969728 0.00151281
0.95959632 0.00199128
0.94949542 0.00288859
0.93939445 0.00327303
0.92929349 0.00369583
0.91919256 0.00435714
0.90909168 0.00497535
0.89899073 0.00547903
0.88888974 0.00574516
0.87878883 0.00654958
0.86868786 0.00691686
0.85858690 0.00736418
0.84848600 0.00780296
0.83838506 0.00840719
0.82828407 0.00865386
0.81818314 0.00926841
0.80808216 0.00962356
0.79798121 0.01009547
0.78788029 0.01044043
0.77777934 0.01093541
0.76767839 0.01143292
0.75757744 0.01199883
0.74747645 0.01220199
0.73737557 0.01281400
0.72727460 0.01318572
0.71717367 0.01382560
0.70707271 0.01425552
0.69697176 0.01478883
0.68687078 0.01512678
0.67676986 0.01538435
0.66666893 0.01609582
0.65656795 0.01637866
0.64646701 0.01699873
0.63636604 0.01737530
0.62626509 0.01784561
0.61616418 0.01823482
0.60606321 0.01863389
0.59596223 0.01893289
0.58586129 0.01950441
0.57576032 0.01986033
0.56565934 0.02018937
0.55555843 0.02057742
0.54545749 0.02112518
0.53535651 0.02147076
0.52525553 0.02179465
0.51515456 0.02210190
0.50505359 0.02248116
0.49495262 0.02268745
0.48485167 0.02314273
0.47475070 0.02331883
0.46464974 0.02376830
0.45454875 0.02401339
0.44444780 0.02428404
0.43434682 0.02458412
0.42424582 0.02475053
0.41414486 0.02499201
0.40404388 0.02529092
0.39394289 0.02553601
0.38384193 0.02574474
0.37374092 0.02578687
0.36363996 0.02604525
0.35353898 0.02636273
0.34343796 0.02637187
0.33333697 0.02637994
0.32323595 0.02634426
0.31313495 0.02652024
0.30303397 0.02657292
0.29293294 0.02647776
0.28283192 0.02647722
0.27273095 0.02664476
0.26262990 0.02647443
0.25252885 0.02620746
0.24242785 0.02623201
0.23232679 0.02585733
0.22222577 0.02575030
0.21212474 0.02570964
0.20202372 0.02554608
0.19192265 0.02512169
0.18182162 0.02494439
0.17172056 0.02459140
0.16161952 0.02439554
0.15151846 0.02396477
0.14141737 0.02346066
0.13131630 0.02299803
0.12121520 0.02232544
0.11111413 0.02182702
0.10101300 0.02102104
0.09091192 0.02044508
0.08081075 0.01929172
0.07070963 0.01845001
0.06060847 0.01734979
0.05050720 0.01541299
0.04040600 0.01404860
0.03030469 0.01178302
0.02020343 0.00995607
0.01010190 0.00608680
0.00000006 0.00000000
0.00000019 0.00090310
0.01010101 -0.00048017
0.02020202 -0.00048153
0.03030303 -0.00048290
0.04040404 -0.00048426
0.05050505 -0.00048563
0.06060606 -0.00048699
0.07070707 -0.00048836
0.08080808 -0.00048972
0.09090909 -0.00049109
0.10101010 -0.00049245
0.11111111 -0.00049381
0.12121212 -0.00049518
0.13131313 -0.00049654
0.14141413 -0.00049791
0.15151516 -0.00048935
0.16161619 -0.00026484
0.17171724 0.00007718
0.18181828 0.00016051
0.19191931 0.00037181
0.20202034 0.00056178
0.21212134 0.00049941
0.22222236 0.00054689
0.23232340 0.00074121
0.24242444 0.00104806
0.25252546 0.00112570
0.26262650 0.00128411
0.27272755 0.00149637
0.28282855 0.00159412
0.29292959 0.00167883
0.30303058 0.00151749
0.31313160 0.00173347
0.32323265 0.00188401
0.33333366 0.00180900
0.34343466 0.00190911
0.35353568 0.00191749
0.36363670 0.00193690
0.37373769 0.00192618
0.38383870 0.00179315
0.39393972 0.00201202
0.40404072 0.00190152
0.41414174 0.00187125
0.42424273 0.00189653
0.43434373 0.00172618
0.44444476 0.00178287
0.45454574 0.00173400
0.46464677 0.00179430
0.47474778 0.00172764
0.48484876 0.00165996
0.49494977 0.00156165
0.50505075 0.00147207
0.51515177 0.00147592
0.52525280 0.00156733
0.53535380 0.00137875
0.54545479 0.00116266
0.55555583 0.00131394
0.56565676 0.00108936
0.57575776 0.00094408
0.58585876 0.00082228
0.59595979 0.00088637
0.60606078 0.00060441
0.61616180 0.00062388
0.62626275 0.00056535
0.63636376 0.00048013
0.64646474 0.00018467
0.65656575 0.00010034
0.66666675 -0.00006351
0.67676779 0.00007281
0.68686869 -0.00035785
0.69696970 -0.00043420
0.70707070 -0.00057433
0.71717172 -0.00057560
0.72727274 -0.00057705
0.73737376 -0.00057842
0.74747472 -0.00057978
0.75757574 -0.00058115
0.76767676 -0.00058251
0.77777778 -0.00058388
0.78787880 -0.00058524
0.79797976 -0.00058661
0.80808079 -0.00058797
0.81818181 -0.00058934
0.82828283 -0.00059070
0.83838385 -0.00059206
0.84848487 -0.00059343
0.85858583 -0.00059479
0.86868685 -0.00059616
0.87878787 -0.00059752
0.88888889 -0.00059889
0.89898991 -0.00060025
0.90909093 -0.00060162
0.91919189 -0.00060298
0.92929291 -0.00060435
0.93939393 -0.00060571
0.94949495 -0.00060708
0.95959597 -0.00060844
0.96969699 -0.00060980
0.97979795 -0.00061117
0.98989897 -0.00061253
0.99999999 -0.00061390
