0.99969835 0.00000000
0.98954193 0.00733074
0.97942043 0.01001587
0.96930105 0.01242731
0.95918058 0.01497643
0.94906369 0.01705010
0.93894371 0.01953338
0.92881757 0.02283618
0.91869518 0.02564005
0.90857865 0.02767324
0.89845537 0.03059548
0.88834473 0.03183700
0.87822833 0.03384498
0.86811906 0.03490465
0.85800344 0.03680830
0.84789621 0.03760370
0.83778016 0.03956453
0.82767222 0.04044671
0.81756186 0.04165136
0.80745102 0.04291929
0.79733749 0.04454495
0.78722663 0.04582360
0.77711812 0.04678165
0.76700678 0.04811672
0.75689854 0.04903918
0.74678963 0.05005055
0.73668375 0.05066701
0.72657526 0.05162214
0.71646664 0.05259473
0.70636097 0.05317531
0.69625143 0.05427105
0.68614412 0.05506864
0.67603653 0.05591342
0.66592710 0.05699335
0.65581797 0.05803365
0.64570988 0.05893714
0.63560361 0.05959678
0.62549424 0.06066933
0.61538646 0.06153899
0.60527729 0.06258373
0.59516883 0.06353599
0.58505928 0.06463167
0.57495083 0.06558188
0.56483987 0.06686604
0.55473569 0.06725703
0.54462439 0.06858646
0.53451543 0.06960394
0.52440542 0.07076222
0.51429889 0.07145662
0.50418924 0.07256698
0.49408102 0.07348989
0.48397227 0.07448058
0.47386591 0.07515658
0.46376029 0.07573016
0.45365640 0.07607314
0.44354522 0.07739113
0.43343841 0.07812248
0.42333157 0.07885964
0.41322746 0.07923659
0.40312264 0.07970318
0.39301775 0.08018050
0.38291370 0.08054958
0.37280837 0.08108472
0.36270573 0.08126560
0.35260261 0.08150642
0.34250050 0.08161426
0.33240011 0.08149642
0.32229967 0.08138120
0.31220081 0.08105555
0.30209910 0.08111344
0.29200053 0.08074962
0.28190254 0.08030801
0.27180350 0.08001109
0.26171004 0.07896734
0.25161304 0.07839508
0.24152106 0.07715688
0.23142378 0.07662259
0.22133195 0.07536508
0.21123743 0.07446280
0.20114584 0.07317176
0.19105464 0.07183036
0.18096338 0.07049548
0.17087447 0.06884727
0.16078593 0.06715054
0.15069929 0.06520301
0.14061299 0.06320645
0.13052785 0.06105909
0.12044114 0.05911773
0.11035810 0.05669056
0.10027610 0.05412337
0.09019806 0.05103154
0.08012188 0.04769064
0.07004792 0.04405431
0.05997200 0.04067958
0.04990264 0.03643197
0.03983793 0.03156582
0.02977563 0.02637976
0.01972383 0.01979655
0.00967448 0.01288754
-0.00032992 0.00000000
-0.00032132 -0.00114372
0.00984703 -0.01006163
0.01999213 -0.01588760
0.03012027 -0.01945822
0.04024121 -0.02207124
0.05035940 -0.02431874
0.06047774 -0.02658471
0.07059162 -0.02825940
0.08070740 -0.03018561
0.09081661 -0.03123783
0.10092849 -0.03264615
0.11103812 -0.03375454
0.12114960 -0.03510862
0.13126078 -0.03642322
0.14136859 -0.03729019
0.15147733 -0.03827962
0.16158370 -0.03895462
0.17168983 -0.03959856
0.18179435 -0.04002537
0.19190048 -0.04067005
0.20200318 -0.04085663
0.21210880 -0.04143280
0.22221252 -0.04175456
0.23231158 -0.04145692
0.24241121 -0.04123564
0.25251406 -0.04144299
0.26261586 -0.04150952
0.27271714 -0.04150656
0.28281887 -0.04156598
0.29292075 -0.04164247
0.30302069 -0.04146121
0.31312245 -0.04152569
0.32322019 -0.04105076
0.33332171 -0.04107966
0.34342028 -0.04071902
0.35352201 -0.04077641
0.36362053 -0.04040532
0.37372059 -0.04024357
0.38382031 -0.04003337
0.39392022 -0.03985059
0.40402039 -0.03970009
0.41412133 -0.03965162
0.42422110 -0.03945084
0.43432073 -0.03922848
0.44442002 -0.03895984
0.45451951 -0.03872255
0.46462072 -0.03870934
0.47471822 -0.03820360
0.48481868 -0.03809577
0.49491676 -0.03766629
0.50501473 -0.03722662
0.51511173 -0.03665350
0.52521056 -0.03632385
0.53530820 -0.03583745
0.54540813 -0.03565366
0.55550512 -0.03507997
0.56560637 -0.03507990
0.57570540 -0.03477723
0.58580541 -0.03460512
0.59590365 -0.03419772
0.60600544 -0.03426205
0.61610736 -0.03434316
0.62621139 -0.03471379
0.63631773 -0.03538342
0.64641597 -0.03497630
0.65651759 -0.03501792
0.66661777 -0.03486750
0.67671771 -0.03468573
0.68681849 -0.03462407
0.69691742 -0.03430846
0.70701401 -0.03368020
0.71710687 -0.03255713
0.72719787 -0.03118673
0.73728864 -0.02978593
0.74737736 -0.02811885
0.75746749 -0.02663324
0.76755851 -0.02526516
0.77764615 -0.02344723
0.78773371 -0.02161971
0.79782639 -0.02047950
0.80792147 -0.01965211
0.81801309 -0.01836402
0.82810925 -0.01767965
0.83820902 -0.01747437
0.84830044 -0.01616008
0.85839779 -0.01564230
0.86849559 -0.01517593
0.87859240 -0.01457760
0.88868458 -0.01336383
0.89878006 -0.01258943
0.90887342 -0.01153177
0.91898312 -0.01265590
0.92907050 -0.01080406
0.93916474 -0.00986447
0.94925830 -0.00883484
0.95935110 -0.00770336
0.96944687 -0.00696627
0.97954789 -0.00693673
0.98965194 -0.00730143
0.99972538 -0.00359567
