0.99999186 0.00000000
0.98987713 0.00526751
0.97976453 0.00971400
0.96965526 0.01289881
0.95954519 0.01637249
0.94943722 0.01903424
0.93932733 0.02243726
0.92921760 0.02577901
0.91910620 0.02976017
0.90899905 0.03213132
0.89889088 0.03487285
0.88878247 0.03770579
0.87867310 0.04090830
0.86856558 0.04339890
0.85845810 0.04587060
0.84835008 0.04857783
0.83824338 0.05075062
0.82813581 0.05326115
0.81802872 0.05558557
0.80792087 0.05819994
0.79781453 0.06023725
0.78770685 0.06281138
0.77760107 0.06463032
0.76749373 0.06705109
0.75738850 0.06866038
0.74728227 0.07065319
0.73717683 0.07236416
0.72706941 0.07481727
0.71696484 0.07617136
0.70685777 0.07848660
0.69675282 0.07998669
0.68664672 0.08193146
0.67654163 0.08350740
0.66643486 0.08570710
0.65632996 0.08718856
0.64622299 0.08946786
0.63611786 0.09103784
0.62601262 0.09264620
0.61590735 0.09429304
0.60580081 0.09640750
0.59569528 0.09813019
0.58558992 0.09978823
0.57548513 0.10122585
0.56538035 0.10266166
0.55527475 0.10443441
0.54517113 0.10542450
0.53506693 0.10663309
0.52496262 0.10789003
0.51485826 0.10915933
0.50475434 0.11026511
0.49465055 0.11132892
0.48454744 0.11212193
0.47444433 0.11292408
0.46434111 0.11375872
0.45423888 0.11421174
0.44413625 0.11483079
0.43403377 0.11537953
0.42393210 0.11561374
0.41383121 0.11556501
0.40373134 0.11510695
0.39362985 0.11527658
0.38353009 0.11478999
0.37342872 0.11490875
0.36332678 0.11526318
0.35322634 0.11502461
0.34312563 0.11489315
0.33302655 0.11414347
0.32292467 0.11446203
0.31282515 0.11387274
0.30272500 0.11353615
0.29262592 0.11277509
0.28252647 0.11215457
0.27242823 0.11108553
0.26233049 0.10980710
0.25223250 0.10862911
0.24213346 0.10785919
0.23203499 0.10686788
0.22193713 0.10564163
0.21184044 0.10396424
0.20174275 0.10267231
0.19164715 0.10057673
0.18154996 0.09909496
0.17145395 0.09715278
0.16135684 0.09564141
0.15126177 0.09334062
0.14116539 0.09154059
0.13107109 0.08894615
0.12097636 0.08651420
0.11088358 0.08333352
0.10079113 0.08002172
0.09069960 0.07636006
0.08060623 0.07340270
0.07051518 0.06955227
0.06042120 0.06683309
0.05033483 0.06118157
0.04024811 0.05566785
0.03017134 0.04632038
0.02008753 0.03968435
0.01002421 0.02515582
-0.00001151 0.00000000
-0.00001656 0.00194305
0.01009830 -0.00337715
0.02019368 -0.00119375
0.03028441 0.00277540
0.04037997 0.00488835
0.05047539 0.00705432
0.06056617 0.01100822
0.07065517 0.01564569
0.08074872 0.01853260
0.09083784 0.02312409
0.10092829 0.02720109
0.11101723 0.03186336
0.12110992 0.03507926
0.13119861 0.03983799
0.14129068 0.04329306
0.15138216 0.04697790
0.16147493 0.05016599
0.17156433 0.05464775
0.18165667 0.05800351
0.19174932 0.06123318
0.20184290 0.06410433
0.21193780 0.06647185
0.22203249 0.06892225
0.23212791 0.07108352
0.24222382 0.07306191
0.25232187 0.07421118
0.26241828 0.07599890
0.27251545 0.07749441
0.28261318 0.07876297
0.29270995 0.08041637
0.30280795 0.08159234
0.31290613 0.08268788
0.32300441 0.08375546
0.33310364 0.08445620
0.34320336 0.08496123
0.35330167 0.08601594
0.36340211 0.08625209
0.37350129 0.08696374
0.38360267 0.08683834
0.39370241 0.08733395
0.40380370 0.08724303
0.41390416 0.08746983
0.42400612 0.08710950
0.43410852 0.08659243
0.44420922 0.08672905
0.45431054 0.08661619
0.46441356 0.08585678
0.47451468 0.08583312
0.48461642 0.08555584
0.49471786 0.08540752
0.50482053 0.08477372
0.51492239 0.08446485
0.52502633 0.08335243
0.53512903 0.08272119
0.54523277 0.08168530
0.55533691 0.08049718
0.56544125 0.07920913
0.57554315 0.07888301
0.58564790 0.07746037
0.59575321 0.07582072
0.60585695 0.07478799
0.61596195 0.07327007
0.62606554 0.07226834
0.63617040 0.07080156
0.64627384 0.06988309
0.65637915 0.06824675
0.66648442 0.06662345
0.67658878 0.06534861
0.68669443 0.06355714
0.69679981 0.06188923
0.70690551 0.06010271
0.71701268 0.05774760
0.72711675 0.05658668
0.73722236 0.05483074
0.74732634 0.05368279
0.75743261 0.05167136
0.76753729 0.05027513
0.77764415 0.04803987
0.78774896 0.04659370
0.79785474 0.04475359
0.80795914 0.04346194
0.81806383 0.04206457
0.82816931 0.04036013
0.83827474 0.03867363
0.84837981 0.03712835
0.85848786 0.03440950
0.86859502 0.03205921
0.87870345 0.02922154
0.88880968 0.02722751
0.89891729 0.02470034
0.90902260 0.02306155
0.91913022 0.02051054
0.92923856 0.01770708
0.93934717 0.01479484
0.94945660 0.01156965
0.95956243 0.00973327
0.96967234 0.00632119
0.97977842 0.00436357
0.98988623 0.00176071
0.99999552 -0.00140866
