1.00000120 0.00000000
0.98990082 0.00225826
0.97980031 0.00406534
0.96970008 0.00667753
0.95959949 0.00818767
0.94949933 0.01124585
0.93939882 0.01307064
0.92929833 0.01495482
0.91919787 0.01694185
0.90909737 0.01857297
0.89899694 0.02065081
0.88889649 0.02266371
0.87879591 0.02423440
0.86869555 0.02659053
0.85859500 0.02824213
0.84849455 0.03005261
0.83839398 0.03167531
0.82829366 0.03412833
0.81819311 0.03579874
0.80809255 0.03744128
0.79799211 0.03952084
0.78789162 0.04116643
0.77779099 0.04256486
0.76769051 0.04448504
0.75759014 0.04677141
0.74748958 0.04840111
0.73738909 0.05008954
0.72728858 0.05188462
0.71718804 0.05360268
0.70708746 0.05517313
0.69698687 0.05669891
0.68688627 0.05817322
0.67678587 0.06016517
0.66668535 0.06192766
0.65658468 0.06317774
0.64648414 0.06487286
0.63638348 0.06616203
0.62628279 0.06735239
0.61618233 0.06912222
0.60608173 0.07059405
0.59598109 0.07197180
0.58588055 0.07365562
0.57577963 0.07401741
0.56567919 0.07606461
0.55557842 0.07674943
0.54547790 0.07854203
0.53537712 0.07938357
0.52527648 0.08073328
0.51517576 0.08180758
0.50507503 0.08284460
0.49497432 0.08381341
0.48487354 0.08467757
0.47477263 0.08497874
0.46467194 0.08614293
0.45457127 0.08738660
0.44447049 0.08811463
0.43436968 0.08886424
0.42426880 0.08937185
0.41416787 0.08959067
0.40406705 0.09028679
0.39396606 0.09042121
0.38386532 0.09130964
0.37376437 0.09156515
0.36366344 0.09177418
0.35356247 0.09194246
0.34346162 0.09254651
0.33336053 0.09221027
0.32325962 0.09258660
0.31315859 0.09254591
0.30305755 0.09237245
0.29295662 0.09271070
0.28285558 0.09263996
0.27275449 0.09229559
0.26265344 0.09219413
0.25255216 0.09127433
0.24245116 0.09130206
0.23234995 0.09054561
0.22224872 0.08978314
0.21214746 0.08890729
0.20204613 0.08775942
0.19194466 0.08612239
0.18184335 0.08504357
0.17174194 0.08366925
0.16164040 0.08176180
0.15153880 0.07967253
0.14143725 0.07779038
0.13133559 0.07545938
0.12123376 0.07257221
0.11113209 0.07023332
0.10103022 0.06719970
0.09092817 0.06347726
0.08082595 0.05919790
0.07072397 0.05576588
0.06062136 0.05011794
0.05051890 0.04496136
0.04041632 0.03940241
0.03031335 0.03246901
0.02021035 0.02540331
0.01010684 0.01654376
0.00000116 0.00000000
0.00000137 0.00073817
0.01010101 -0.00411688
0.02020202 -0.00411973
0.03030303 -0.00412258
0.04040404 -0.00412543
0.05050505 -0.00412828
0.06060606 -0.00413113
0.07070707 -0.00413398
0.08080808 -0.00413683
0.09090915 -0.00392263
0.10101021 -0.00373653
0.11111124 -0.00368681
0.12121223 -0.00372912
0.13131326 -0.00368917
0.14141414 -0.00410946
0.15151529 -0.00367148
0.16161626 -0.00379220
0.17171716 -0.00416248
0.18181822 -0.00402562
0.19191940 -0.00342124
0.20202038 -0.00351276
0.21212130 -0.00379160
0.22222232 -0.00381859
0.23232342 -0.00347347
0.24242450 -0.00320998
0.25252552 -0.00317432
0.26262650 -0.00331763
0.27272759 -0.00306457
0.28282859 -0.00300925
0.29292963 -0.00294486
0.30303062 -0.00306928
0.31313162 -0.00303654
0.32323274 -0.00266895
0.33333388 -0.00226529
0.34343477 -0.00260878
0.35353588 -0.00231296
0.36363690 -0.00229328
0.37373794 -0.00211943
0.38383896 -0.00212067
0.39394000 -0.00197239
0.40404091 -0.00236178
0.41414204 -0.00197490
0.42424292 -0.00234912
0.43434406 -0.00193813
0.44444518 -0.00157665
0.45454602 -0.00211335
0.46464706 -0.00204977
0.47474812 -0.00191800
0.48484907 -0.00204176
0.49495007 -0.00211232
0.50505107 -0.00209893
0.51515205 -0.00224045
0.52525311 -0.00208651
0.53535413 -0.00209001
0.54545505 -0.00245079
0.55555616 -0.00215827
0.56565714 -0.00207862
0.57575816 -0.00209158
0.58585904 -0.00257895
0.59596001 -0.00275361
0.60606108 -0.00258012
0.61616223 -0.00212831
0.62626301 -0.00275421
0.63636393 -0.00311772
0.64646507 -0.00268516
0.65656594 -0.00323104
0.66666694 -0.00330795
0.67676802 -0.00308543
0.68686893 -0.00326531
0.69696987 -0.00358147
0.70707095 -0.00334817
0.71717187 -0.00372331
0.72727282 -0.00397793
0.73737395 -0.00356796
0.74747476 -0.00409959
0.75757584 -0.00390467
0.76767679 -0.00414552
0.77777780 -0.00417826
0.78787881 -0.00421765
0.79797974 -0.00433917
0.80808076 -0.00434202
0.81818178 -0.00434487
0.82828280 -0.00434772
0.83838382 -0.00435057
0.84848484 -0.00435342
0.85858580 -0.00435627
0.86868682 -0.00435912
0.87878784 -0.00436197
0.88888886 -0.00436482
0.89898988 -0.00436767
0.90909090 -0.00437052
0.91919186 -0.00437337
0.92929288 -0.00437622
0.93939390 -0.00437907
0.94949492 -0.00438192
0.95959594 -0.00438477
0.96969696 -0.00438762
0.97979792 -0.00439047
0.98989894 -0.00439332
1.00000017 -0.00363600
