0.99999012 0.00000000
0.98987950 0.00302082
0.97977222 0.00498426
0.96966599 0.00663412
0.95955871 0.00859863
0.94945176 0.01045794
0.93934507 0.01223508
0.92923836 0.01401735
0.91913098 0.01601471
0.90902481 0.01764660
0.89891833 0.01935680
0.88881264 0.02081638
0.87870427 0.02312594
0.86859793 0.02479356
0.85849111 0.02661219
0.84838444 0.02839977
0.83827726 0.03033430
0.82817042 0.03215722
0.81806401 0.03384627
0.80795746 0.03557865
0.79785071 0.03737671
0.78774362 0.03929807
0.77763730 0.04095973
0.76753073 0.04269685
0.75742431 0.04438924
0.74731783 0.04610052
0.73721105 0.04792619
0.72710557 0.04932088
0.71699872 0.05114860
0.70689317 0.05256538
0.69678724 0.05409978
0.68668163 0.05553673
0.67657589 0.05703192
0.66646944 0.05873277
0.65636426 0.06003335
0.64625848 0.06152434
0.63615285 0.06296543
0.62604720 0.06441472
0.61594148 0.06590299
0.60583580 0.06735932
0.59573069 0.06863710
0.58562493 0.07011965
0.57552009 0.07131380
0.56541428 0.07281239
0.55531006 0.07382764
0.54520463 0.07520549
0.53509985 0.07637733
0.52499450 0.07773292
0.51489002 0.07880918
0.50478509 0.08003179
0.49468064 0.08110814
0.48457619 0.08217763
0.47447188 0.08321199
0.46436787 0.08414040
0.45426392 0.08505179
0.44416056 0.08578464
0.43405665 0.08668470
0.42395277 0.08757184
0.41385021 0.08805381
0.40374711 0.08869468
0.39364372 0.08942670
0.38354101 0.08995480
0.37343817 0.09051632
0.36333588 0.09091025
0.35323289 0.09151880
0.34313065 0.09188672
0.33302864 0.09219265
0.32292651 0.09252856
0.31282511 0.09263401
0.30272355 0.09279734
0.29262185 0.09299714
0.28251994 0.09326075
0.27241994 0.09293154
0.26231878 0.09296150
0.25221909 0.09252369
0.24211903 0.09220899
0.23201939 0.09176006
0.22192003 0.09122381
0.21182179 0.09032875
0.20172282 0.08967025
0.19162615 0.08828214
0.18152805 0.08734725
0.17143237 0.08564121
0.16133735 0.08373221
0.15124112 0.08220570
0.14114657 0.08014417
0.13105237 0.07797572
0.12095827 0.07577412
0.11086594 0.07301281
0.10077420 0.07006477
0.09068333 0.06684191
0.08059450 0.06297303
0.07050640 0.05887307
0.06042023 0.05416490
0.05033600 0.04884201
0.04025312 0.04309124
0.03017572 0.03560677
0.02009986 0.02763735
0.01003339 0.01669678
-0.00001488 0.00000000
-0.00001300 -0.00059342
0.01009919 -0.00411447
0.02019735 -0.00319699
0.03029976 -0.00362437
0.04039865 -0.00293666
0.05049549 -0.00160195
0.06059141 0.00002431
0.07068859 0.00124881
0.08078623 0.00233321
0.09088208 0.00398236
0.10097914 0.00524635
0.11107594 0.00659542
0.12117554 0.00705571
0.13127213 0.00846999
0.14137225 0.00876418
0.15147046 0.00967054
0.16156980 0.01021374
0.17166895 0.01081433
0.18176809 0.01142541
0.19186695 0.01212086
0.20196626 0.01267484
0.21206635 0.01297789
0.22216640 0.01330248
0.23226510 0.01404634
0.24236501 0.01440839
0.25246493 0.01476964
0.26256475 0.01516379
0.27266457 0.01555824
0.28276528 0.01566510
0.29286523 0.01602015
0.30296558 0.01624706
0.31306592 0.01646749
0.32316581 0.01684212
0.33326703 0.01679505
0.34336748 0.01698321
0.35346798 0.01716312
0.36356893 0.01720021
0.37366939 0.01738467
0.38377079 0.01727887
0.39387149 0.01738766
0.40397229 0.01747464
0.41407383 0.01732574
0.42417479 0.01735160
0.43427590 0.01733943
0.44437712 0.01729108
0.45447873 0.01711162
0.46458013 0.01700871
0.47468231 0.01665676
0.48478363 0.01656934
0.49488549 0.01631810
0.50498747 0.01602126
0.51508921 0.01580890
0.52519126 0.01550115
0.53529328 0.01520032
0.54539508 0.01497062
0.55549703 0.01469244
0.56559963 0.01419053
0.57570160 0.01390525
0.58580349 0.01364542
0.59590591 0.01322014
0.60600817 0.01284146
0.61611043 0.01246510
0.62621296 0.01198772
0.63631472 0.01176771
0.64641804 0.01105722
0.65652067 0.01056374
0.66662273 0.01025054
0.67672558 0.00968718
0.68682827 0.00915558
0.69693027 0.00886318
0.70703315 0.00829037
0.71713504 0.00803323
0.72723827 0.00734866
0.73734071 0.00691631
0.74744246 0.00668113
0.75754444 0.00639508
0.76764744 0.00578492
0.77774991 0.00534286
0.78785196 0.00503141
0.79795379 0.00477203
0.80805591 0.00444304
0.81815904 0.00379170
0.82826183 0.00324807
0.83836327 0.00313105
0.84846552 0.00275762
0.85856800 0.00229379
0.86866990 0.00203006
0.87877208 0.00167848
0.88887369 0.00150821
0.89897621 0.00104930
0.90907793 0.00084565
0.91918009 0.00048158
0.92928160 0.00034236
0.93938459 -0.00026478
0.94948678 -0.00061774
0.95958736 -0.00046144
0.96968999 -0.00095644
0.97979306 -0.00160795
0.98989403 -0.00157602
0.99999500 -0.00154408
