1.00000018 0.00000000
0.98990012 0.00340133
0.97980050 0.00837923
0.96970035 0.01125828
0.95960025 0.01452219
0.94950030 0.01829733
0.93940035 0.02207286
0.92930026 0.02538422
0.91920034 0.02926239
0.90910016 0.03206130
0.89900013 0.03555782
0.88889997 0.03858656
0.87879995 0.04215434
0.86869988 0.04550265
0.85859966 0.04835112
0.84849977 0.05215263
0.83839958 0.05507972
0.82829953 0.05850063
0.81819932 0.06138185
0.80809923 0.06469249
0.79799908 0.06775947
0.78789900 0.07086326
0.77779898 0.07443452
0.76769874 0.07716983
0.75759871 0.08067854
0.74749863 0.08402512
0.73739858 0.08725161
0.72729838 0.09015714
0.71719828 0.09342007
0.70709807 0.09629605
0.69699771 0.09862786
0.68689762 0.10190912
0.67679748 0.10483779
0.66669744 0.10828472
0.65659713 0.11079857
0.64649681 0.11328616
0.63639653 0.11591603
0.62629644 0.11921645
0.61619611 0.12145429
0.60609573 0.12370925
0.59599546 0.12637965
0.58589531 0.12946651
0.57579472 0.13098850
0.56569445 0.13365288
0.55559412 0.13587875
0.54549373 0.13811544
0.53539324 0.13998815
0.52529277 0.14194463
0.51519235 0.14407302
0.50509171 0.14542645
0.49499127 0.14735558
0.48489069 0.14892043
0.47478988 0.14957694
0.46468930 0.15110469
0.45458850 0.15188955
0.44448786 0.15316043
0.43438708 0.15398848
0.42428585 0.15325134
0.41418495 0.15357445
0.40408411 0.15420345
0.39398322 0.15468541
0.38388208 0.15414917
0.37378096 0.15381454
0.36367980 0.15320984
0.35357859 0.15251854
0.34347717 0.15113407
0.33337603 0.15058650
0.32327478 0.14977506
0.31317347 0.14874464
0.30307196 0.14693539
0.29297043 0.14512275
0.28286930 0.14472500
0.27276760 0.14221677
0.26266597 0.14007013
0.25256453 0.13859267
0.24246291 0.13639716
0.23236113 0.13367706
0.22225941 0.13112469
0.21215762 0.12840049
0.20205597 0.12612680
0.19195388 0.12227708
0.18185203 0.11930432
0.17174996 0.11557368
0.16164798 0.11213863
0.15154582 0.10807058
0.14144367 0.10405628
0.13134148 0.09987820
0.12123900 0.09467489
0.11113668 0.09002294
0.10103403 0.08423479
0.09093154 0.07898251
0.08082850 0.07180870
0.07072594 0.06631532
0.06062237 0.05725975
0.05051923 0.04972229
0.04041563 0.04052892
0.03031229 0.03229495
0.02020892 0.02396040
0.01010557 0.01566846
0.00000014 0.00000000
0.00000002 -0.00042421
0.01010101 -0.00048404
0.02020202 -0.00048689
0.03030303 -0.00048975
0.04040404 -0.00049260
0.05050505 -0.00049545
0.06060606 -0.00049831
0.07070713 -0.00028074
0.08080808 -0.00049257
0.09090935 0.00042511
0.10101049 0.00088258
0.11111167 0.00147938
0.12121267 0.00145498
0.13131391 0.00226204
0.14141518 0.00319122
0.15151623 0.00331080
0.16161757 0.00447980
0.17171881 0.00530045
0.18182012 0.00632443
0.19192120 0.00659525
0.20202263 0.00811291
0.21212384 0.00881128
0.22222524 0.01016458
0.23232641 0.01075664
0.24242766 0.01160187
0.25252897 0.01270278
0.26263029 0.01373678
0.27273162 0.01485425
0.28283289 0.01583595
0.29293404 0.01628875
0.30303526 0.01699066
0.31313658 0.01816422
0.32323774 0.01866157
0.33333896 0.01935409
0.34344010 0.01988229
0.35354124 0.02031231
0.36364261 0.02154602
0.37374372 0.02197345
0.38384486 0.02238846
0.39394583 0.02231387
0.40404700 0.02284466
0.41414807 0.02299916
0.42424917 0.02338961
0.43435005 0.02290655
0.44445132 0.02378897
0.45455216 0.02323877
0.46465314 0.02311832
0.47475422 0.02330197
0.48485517 0.02316784
0.49495610 0.02285781
0.50505697 0.02243829
0.51515783 0.02185683
0.52525890 0.02201267
0.53535979 0.02156955
0.54546063 0.02093372
0.55556177 0.02133776
0.56566250 0.02052783
0.57576348 0.02038473
0.58586426 0.01952416
0.59596505 0.01872249
0.60606609 0.01877233
0.61616681 0.01772815
0.62626769 0.01741723
0.63636854 0.01681645
0.64646932 0.01597398
0.65657008 0.01506242
0.66667092 0.01441602
0.67677180 0.01392327
0.68687249 0.01293778
0.69697331 0.01223451
0.70707405 0.01124666
0.71717504 0.01114510
0.72727575 0.01005390
0.73737657 0.00932819
0.74747718 0.00810136
0.75757811 0.00777729
0.76767904 0.00743860
0.77777986 0.00672037
0.78788073 0.00619866
0.79798132 0.00489482
0.80808237 0.00497609
0.81818330 0.00468091
0.82828395 0.00335322
0.83838498 0.00338363
0.84848579 0.00265685
0.85858664 0.00224892
0.86868752 0.00175433
0.87878850 0.00159874
0.88888943 0.00127438
0.89899031 0.00079597
0.90909124 0.00048305
0.91919208 0.00001961
0.92929307 -0.00007981
0.93939412 0.00001792
0.94949503 -0.00034476
0.95959612 -0.00012559
0.96969696 -0.00075510
0.97979803 -0.00038020
0.98989909 -0.00024570
1.00000017 -0.00003517
