1.00000586 -0.00000000
0.98990990 0.00646255
0.97981142 0.00972148
0.96971250 0.01232091
0.95961303 0.01431085
0.94951376 0.01655283
0.93941496 0.01938979
0.92931567 0.02159767
0.91921676 0.02430645
0.90911718 0.02606885
0.89901787 0.02825290
0.88891853 0.03040455
0.87881887 0.03215297
0.86871945 0.03419507
0.85861974 0.03586904
0.84852024 0.03773608
0.83842055 0.03944955
0.82832069 0.04093515
0.81822105 0.04270139
0.80812125 0.04425899
0.79802153 0.04592323
0.78792176 0.04744387
0.77782188 0.04890882
0.76772208 0.05046898
0.75762210 0.05180271
0.74752195 0.05291834
0.73742198 0.05418808
0.72732180 0.05527003
0.71722181 0.05658558
0.70712162 0.05764954
0.69702144 0.05872607
0.68692134 0.05990598
0.67682111 0.06083869
0.66672089 0.06186161
0.65662061 0.06281550
0.64652046 0.06393408
0.63642018 0.06487615
0.62631991 0.06584131
0.61621953 0.06658447
0.60611923 0.06750746
0.59601874 0.06819415
0.58591837 0.06902493
0.57581787 0.06969502
0.56571726 0.07022801
0.55561709 0.07123305
0.54551649 0.07177630
0.53541578 0.07218147
0.52531517 0.07271000
0.51521450 0.07315496
0.50511371 0.07345204
0.49501304 0.07386699
0.48491242 0.07438631
0.47481169 0.07472592
0.46471097 0.07510680
0.45461018 0.07540427
0.44450945 0.07574928
0.43440862 0.07599283
0.42430777 0.07621794
0.41420688 0.07633898
0.40410609 0.07663982
0.39400498 0.07653865
0.38390396 0.07650076
0.37380288 0.07642558
0.36370206 0.07665051
0.35360085 0.07640462
0.34349965 0.07619012
0.33339862 0.07614382
0.32329748 0.07599351
0.31319608 0.07550616
0.30309468 0.07499581
0.29299341 0.07468120
0.28289203 0.07422309
0.27279060 0.07365871
0.26268904 0.07297178
0.25258755 0.07238686
0.24248613 0.07185743
0.23238460 0.07118794
0.22228284 0.07023001
0.21218137 0.06966360
0.20207982 0.06896898
0.19197836 0.06838731
0.18187653 0.06734490
0.17177477 0.06640635
0.16167272 0.06507658
0.15157062 0.06368298
0.14146855 0.06234695
0.13136649 0.06099811
0.12126423 0.05940918
0.11116180 0.05759564
0.10105908 0.05541865
0.09095639 0.05327292
0.08085319 0.05048791
0.07074981 0.04746859
0.06064659 0.04465145
0.05054236 0.04053409
0.04043778 0.03597838
0.03033268 0.03076406
0.02022717 0.02502325
0.01011864 0.01541392
0.00000555 0.00000000
0.00000541 -0.00017792
0.01010127 -0.00675596
0.02020201 -0.00710519
0.03030302 -0.00711310
0.04040403 -0.00712101
0.05050503 -0.00712892
0.06060604 -0.00713683
0.07070705 -0.00714474
0.08080806 -0.00715265
0.09090928 -0.00688325
0.10101110 -0.00585610
0.11111306 -0.00464083
0.12121547 -0.00285992
0.13131731 -0.00180031
0.14141909 -0.00082129
0.15152098 0.00028395
0.16162292 0.00147233
0.17172451 0.00221512
0.18182637 0.00328724
0.19192808 0.00418505
0.20202982 0.00512366
0.21213137 0.00581051
0.22223289 0.00644421
0.23233437 0.00704960
0.24243583 0.00762266
0.25253734 0.00826298
0.26263874 0.00874472
0.27274020 0.00929566
0.28284138 0.00954262
0.29294284 0.01009288
0.30304428 0.01062558
0.31314565 0.01110673
0.32324686 0.01135077
0.33334826 0.01182372
0.34344952 0.01216924
0.35355090 0.01261891
0.36365195 0.01265785
0.37375313 0.01288991
0.38385433 0.01311583
0.39395534 0.01314198
0.40405645 0.01325414
0.41415751 0.01329511
0.42425835 0.01309793
0.43435925 0.01294270
0.44446012 0.01275291
0.45456095 0.01253629
0.46466167 0.01215231
0.47476265 0.01209460
0.48486345 0.01184922
0.49496431 0.01163678
0.50506514 0.01143280
0.51516603 0.01126178
0.52526673 0.01084907
0.53536761 0.01067060
0.54546835 0.01030032
0.55556907 0.00991327
0.56566973 0.00952443
0.57577039 0.00906895
0.58587140 0.00904745
0.59597216 0.00871591
0.60607289 0.00833476
0.61617372 0.00808914
0.62627428 0.00756905
0.63637508 0.00729370
0.64647579 0.00689296
0.65657659 0.00659770
0.66667731 0.00621872
0.67677802 0.00581033
0.68687875 0.00552019
0.69697958 0.00527502
0.70708022 0.00477660
0.71718102 0.00449933
0.72728165 0.00399253
0.73738240 0.00363734
0.74748319 0.00342716
0.75758385 0.00295177
0.76768462 0.00262819
0.77778532 0.00222561
0.78788614 0.00195562
0.79798672 0.00147633
0.80808744 0.00107935
0.81818797 0.00045772
0.82828856 -0.00009572
0.83838905 -0.00078405
0.84848980 -0.00112554
0.85859033 -0.00168560
0.86869097 -0.00216933
0.87879166 -0.00259593
0.88889220 -0.00322030
0.89899293 -0.00359213
0.90909386 -0.00371633
0.91919420 -0.00451453
0.92929482 -0.00501710
0.93939579 -0.00509255
0.94949675 -0.00517255
0.95959774 -0.00522066
0.96969827 -0.00584008
0.97979940 -0.00563711
0.98990097 -0.00492935
1.00000059 -0.00672361
