0.99999474 0.00000000
0.98988472 0.00275737
0.97977300 0.00603773
0.96965965 0.00984088
0.95954949 0.01264123
0.94943995 0.01524898
0.93933084 0.01772681
0.92922017 0.02068429
0.91911122 0.02311312
0.90900267 0.02543675
0.89889458 0.02759744
0.88878607 0.02988867
0.87867658 0.03248302
0.86856866 0.03459324
0.85846038 0.03681470
0.84835240 0.03896151
0.83824460 0.04103709
0.82813701 0.04304544
0.81802912 0.04514403
0.80792114 0.04727498
0.79781350 0.04929856
0.78770489 0.05163896
0.77759751 0.05358261
0.76748923 0.05580276
0.75738220 0.05764011
0.74727462 0.05964512
0.73716741 0.06155551
0.72705941 0.06369016
0.71695285 0.06538221
0.70684574 0.06724298
0.69673874 0.06906969
0.68663133 0.07102117
0.67652543 0.07252783
0.66641795 0.07450277
0.65631192 0.07602877
0.64620556 0.07765923
0.63609944 0.07921601
0.62599334 0.08076255
0.61588789 0.08213057
0.60578189 0.08364921
0.59567648 0.08498468
0.58557055 0.08648374
0.57546525 0.08778500
0.56535949 0.08922961
0.55525461 0.09042189
0.54514947 0.09167565
0.53504464 0.09283308
0.52493872 0.09432818
0.51483314 0.09571587
0.50472798 0.09697597
0.49462386 0.09792366
0.48451810 0.09936646
0.47441410 0.10027793
0.46430896 0.10153274
0.45420525 0.10234432
0.44410033 0.10354089
0.43399697 0.10424464
0.42389375 0.10490605
0.41379070 0.10552538
0.40368741 0.10620685
0.39358442 0.10679870
0.38348123 0.10745856
0.37337818 0.10806814
0.36327473 0.10881130
0.35317292 0.10903790
0.34307014 0.10956490
0.33296817 0.10985047
0.32286555 0.11032583
0.31276364 0.11058512
0.30266128 0.11098960
0.29255956 0.11118807
0.28245834 0.11123260
0.27235759 0.11114365
0.26225700 0.11099379
0.25215660 0.11078631
0.24205622 0.11057652
0.23195696 0.11002268
0.22185690 0.10971418
0.21175886 0.10877906
0.20166071 0.10788250
0.19156355 0.10668190
0.18146534 0.10580552
0.17136927 0.10426228
0.16127327 0.10270299
0.15117859 0.10073579
0.14108453 0.09857669
0.13099154 0.09608816
0.12089746 0.09393580
0.11080723 0.09059659
0.10071669 0.08735383
0.09062878 0.08329931
0.08054041 0.07938782
0.07045774 0.07371851
0.06037287 0.06872647
0.05029469 0.06167422
0.04021713 0.05442926
0.03014312 0.04609245
0.02007286 0.03659927
0.01001694 0.02268409
-0.00001053 0.00000000
-0.00001201 0.00045866
0.01010096 -0.00321167
0.02020191 -0.00317890
0.03030287 -0.00314613
0.04040383 -0.00311335
0.05050098 -0.00190706
0.06059423 0.00050106
0.07068679 0.00311911
0.08078171 0.00501372
0.09087347 0.00788240
0.10096657 0.01033571
0.11105904 0.01298377
0.12115512 0.01451934
0.13124857 0.01686789
0.14134487 0.01833337
0.15143934 0.02036906
0.16153661 0.02153843
0.17163333 0.02287391
0.18172988 0.02426808
0.19182721 0.02541757
0.20192520 0.02636255
0.21202358 0.02718857
0.22212254 0.02783896
0.23222089 0.02867520
0.24232046 0.02913516
0.25241965 0.02971071
0.26252041 0.02980732
0.27261999 0.03026633
0.28271993 0.03060690
0.29282038 0.03079997
0.30292090 0.03096867
0.31302160 0.03107577
0.32312213 0.03124259
0.33322343 0.03117216
0.34332442 0.03119069
0.35342576 0.03110908
0.36352749 0.03090543
0.37362893 0.03078320
0.38373038 0.03066711
0.39383167 0.03059018
0.40393356 0.03033912
0.41403550 0.03007220
0.42413675 0.03001068
0.43423875 0.02972379
0.44434088 0.02939644
0.45444260 0.02919079
0.46454522 0.02871243
0.47464808 0.02816081
0.48474943 0.02806659
0.49485190 0.02763850
0.50495396 0.02732447
0.51505653 0.02686407
0.52515880 0.02649347
0.53526105 0.02613217
0.54536359 0.02567830
0.55546672 0.02504539
0.56556862 0.02477277
0.57567163 0.02417705
0.58577459 0.02359566
0.59587733 0.02308085
0.60598052 0.02242805
0.61608337 0.02188105
0.62618620 0.02132040
0.63628924 0.02071553
0.64639239 0.02007373
0.65649501 0.01959834
0.66659832 0.01890886
0.67670124 0.01834064
0.68680414 0.01775815
0.69690829 0.01680926
0.70701189 0.01603040
0.71711562 0.01521349
0.72721853 0.01464563
0.73732134 0.01411120
0.74742463 0.01340855
0.75752768 0.01280212
0.76763097 0.01211783
0.77773410 0.01148470
0.78783779 0.01067568
0.79793966 0.01041409
0.80804271 0.00980439
0.81814565 0.00922878
0.82824834 0.00873146
0.83835127 0.00815770
0.84845431 0.00755122
0.85855757 0.00686075
0.86866012 0.00640384
0.87876340 0.00572485
0.88886597 0.00526243
0.89896942 0.00453251
0.90907132 0.00427554
0.91917447 0.00361887
0.92927626 0.00339573
0.93937960 0.00269927
0.94948251 0.00213213
0.95958464 0.00180602
0.96968767 0.00120496
0.97978799 0.00141911
0.98988899 0.00144169
0.99998721 0.00231912
