0.99999151 0.00000000
0.98988125 0.00355435
0.97977470 0.00567640
0.96966780 0.00796004
0.95956222 0.00970580
0.94945660 0.01147127
0.93935081 0.01330031
0.92924407 0.01549350
0.91913833 0.01730355
0.90903332 0.01885486
0.89892910 0.02007855
0.88882255 0.02220105
0.87871727 0.02383294
0.86861140 0.02569449
0.85850753 0.02677895
0.84840217 0.02846687
0.83829689 0.03009838
0.82819191 0.03161628
0.81808696 0.03312082
0.80798224 0.03453579
0.79787740 0.03599835
0.78777270 0.03742752
0.77766745 0.03905009
0.76756227 0.04064184
0.75745740 0.04211560
0.74735252 0.04359300
0.73724822 0.04487097
0.72714344 0.04631075
0.71703858 0.04778038
0.70693423 0.04905300
0.69683070 0.05000970
0.68672740 0.05087660
0.67662202 0.05256920
0.66651823 0.05362555
0.65641491 0.05450390
0.64631005 0.05597376
0.63620808 0.05632696
0.62610360 0.05765028
0.61600034 0.05852323
0.60589707 0.05937943
0.59579409 0.06012358
0.58569150 0.06071555
0.57558811 0.06161890
0.56548522 0.06232949
0.55538361 0.06256556
0.54527966 0.06368578
0.53517769 0.06403958
0.52507516 0.06460783
0.51497280 0.06511365
0.50487059 0.06555730
0.49476873 0.06588174
0.48466590 0.06656530
0.47456555 0.06630710
0.46446293 0.06691154
0.45436031 0.06751618
0.44426033 0.06711240
0.43415708 0.06796124
0.42405639 0.06782166
0.41395445 0.06817403
0.40385332 0.06820444
0.39375306 0.06789767
0.38365198 0.06791637
0.37355046 0.06809856
0.36345001 0.06787658
0.35334911 0.06781722
0.34324844 0.06766906
0.33314798 0.06745197
0.32304700 0.06742102
0.31294753 0.06680782
0.30284590 0.06704530
0.29274665 0.06634713
0.28264674 0.06590628
0.27254623 0.06570674
0.26244753 0.06479755
0.25234711 0.06455265
0.24224751 0.06399712
0.23214929 0.06290544
0.22205033 0.06210446
0.21195158 0.06121372
0.20185341 0.06010417
0.19175514 0.05903649
0.18165698 0.05792312
0.17155894 0.05675855
0.16146191 0.05521311
0.15136486 0.05367029
0.14126830 0.05193444
0.13117181 0.05017872
0.12107469 0.04866073
0.11097885 0.04665472
0.10088452 0.04406045
0.09078890 0.04196400
0.08069481 0.03927740
0.07060117 0.03641765
0.06050819 0.03330486
0.05041633 0.02975799
0.04032464 0.02614442
0.03023466 0.02187062
0.02014669 0.01682354
0.01006038 0.01112954
-0.00001184 0.00000000
-0.00001209 0.00009596
0.01010098 -0.00454801
0.02020195 -0.00452186
0.03030293 -0.00449571
0.04040390 -0.00446955
0.05050488 -0.00444340
0.06060586 -0.00441725
0.07070683 -0.00439109
0.08080781 -0.00436494
0.09090879 -0.00433879
0.10100976 -0.00431264
0.11111004 -0.00401761
0.12121096 -0.00396872
0.13131060 -0.00342555
0.14141142 -0.00334322
0.15151197 -0.00314791
0.16161290 -0.00310671
0.17171412 -0.00317572
0.18181546 -0.00328555
0.19191610 -0.00312958
0.20201666 -0.00294616
0.21211816 -0.00312257
0.22221905 -0.00305985
0.23232011 -0.00307027
0.24242130 -0.00312753
0.25252234 -0.00312549
0.26262448 -0.00354524
0.27272461 -0.00318858
0.28282594 -0.00330828
0.29292739 -0.00346216
0.30302895 -0.00365729
0.31313025 -0.00376343
0.32323060 -0.00349042
0.33333190 -0.00358595
0.34343314 -0.00366813
0.35353396 -0.00357644
0.36363516 -0.00363266
0.37373611 -0.00360651
0.38383668 -0.00342020
0.39393806 -0.00355420
0.40403904 -0.00352805
0.41414003 -0.00350190
0.42424099 -0.00347575
0.43434197 -0.00344959
0.44444296 -0.00342344
0.45454391 -0.00339729
0.46464490 -0.00337114
0.47474589 -0.00334498
0.48484684 -0.00331883
0.49494783 -0.00329268
0.50504879 -0.00326652
0.51514977 -0.00324037
0.52525076 -0.00321422
0.53535175 -0.00318807
0.54545273 -0.00316191
0.55555372 -0.00313576
0.56565465 -0.00310961
0.57575563 -0.00308345
0.58585662 -0.00305730
0.59595761 -0.00303115
0.60605859 -0.00300500
0.61615958 -0.00297884
0.62626051 -0.00295269
0.63636149 -0.00292654
0.64646248 -0.00290038
0.65656347 -0.00287423
0.66666445 -0.00284808
0.67676544 -0.00282193
0.68686637 -0.00279577
0.69696735 -0.00276962
0.70706834 -0.00274347
0.71716932 -0.00271732
0.72727031 -0.00269116
0.73737130 -0.00266501
0.74747222 -0.00263886
0.75757302 -0.00253963
0.76767420 -0.00258655
0.77777504 -0.00250497
0.78787617 -0.00253425
0.79797710 -0.00250809
0.80807740 -0.00221897
0.81817839 -0.00219228
0.82827947 -0.00220186
0.83837993 -0.00197367
0.84848127 -0.00208461
0.85858154 -0.00180290
0.86868292 -0.00192809
0.87878408 -0.00197117
0.88888381 -0.00145813
0.89898554 -0.00172148
0.90908557 -0.00132390
0.91918761 -0.00173033
0.92928740 -0.00124078
0.93938875 -0.00135380
0.94948917 -0.00110923
0.95958987 -0.00097260
0.96969106 -0.00102611
0.97978946 -0.00002268
0.98988893 0.00058926
0.99999167 -0.00006056
