0.99995799 0.00000000
0.98981979 0.00401016
0.97967678 0.00854437
0.96953029 0.01346594
0.95940131 0.01646980
0.94926425 0.02035471
0.93913656 0.02321800
0.92900247 0.02678043
0.91886900 0.03027339
0.90873581 0.03374323
0.89860522 0.03692325
0.88847175 0.04041755
0.87833792 0.04395012
0.86820637 0.04723424
0.85807511 0.05048751
0.84794453 0.05367203
0.83781263 0.05699563
0.82768224 0.06015288
0.81755232 0.06325965
0.80741819 0.06682560
0.79728787 0.06997537
0.78715529 0.07337851
0.77702611 0.07640431
0.76689191 0.07997827
0.75676249 0.08303051
0.74662718 0.08672498
0.73649700 0.08986650
0.72636329 0.09338599
0.71623420 0.09640279
0.70610237 0.09971751
0.69597302 0.10276193
0.68584132 0.10606241
0.67571335 0.10896293
0.66558390 0.11201844
0.65545779 0.11470895
0.64533176 0.11739114
0.63520434 0.12022437
0.62507936 0.12279263
0.61495718 0.12506157
0.60483019 0.12784807
0.59470702 0.13021870
0.58458242 0.13274443
0.57446251 0.13475914
0.56434359 0.13666490
0.55422506 0.13853627
0.54410756 0.14028721
0.53399215 0.14181070
0.52387501 0.14352344
0.51376197 0.14478800
0.50365055 0.14587616
0.49354020 0.14685111
0.48342568 0.14827814
0.47331807 0.14895344
0.46320891 0.14979545
0.45309982 0.15062995
0.44299100 0.15143751
0.43288819 0.15158592
0.42278224 0.15207750
0.41267941 0.15223239
0.40257306 0.15276753
0.39247296 0.15262086
0.38237085 0.15269617
0.37227308 0.15229569
0.36217289 0.15216254
0.35207618 0.15164535
0.34197965 0.15110987
0.33188357 0.15052741
0.32178986 0.14968310
0.31169647 0.14880487
0.30160451 0.14777280
0.29150912 0.14711233
0.28141995 0.14577311
0.27132886 0.14464691
0.26123713 0.14358778
0.25115046 0.14197529
0.24105897 0.14089131
0.23097805 0.13865358
0.22089357 0.13680488
0.21081503 0.13430571
0.20072863 0.13266634
0.19065600 0.12952379
0.18057215 0.12760631
0.17049872 0.12454923
0.16042210 0.12184256
0.15035154 0.11847484
0.14028181 0.11501515
0.13021653 0.11107170
0.12015619 0.10658757
0.11009975 0.10167940
0.10004064 0.09706156
0.08998227 0.09236399
0.07993876 0.08604483
0.06989145 0.08013946
0.05985784 0.07274058
0.04981496 0.06635264
0.03979031 0.05797577
0.02976253 0.04994028
0.01977266 0.03776813
0.00978721 0.02511499
-0.00008402 0.00000000
-0.00007820 -0.00063417
0.01010059 -0.00907321
0.02020117 -0.00898063
0.03030176 -0.00888804
0.04040234 -0.00879546
0.05050293 -0.00870288
0.06060351 -0.00861029
0.07070037 -0.00811107
0.08079878 -0.00778038
0.09088926 -0.00658513
0.10098561 -0.00603137
0.11108202 -0.00548226
0.12118172 -0.00529426
0.13127668 -0.00458718
0.14137541 -0.00429299
0.15147448 -0.00403367
0.16157226 -0.00363515
0.17166613 -0.00281032
0.18176451 -0.00247629
0.19186121 -0.00196053
0.20195999 -0.00167188
0.21205581 -0.00105954
0.22215945 -0.00129906
0.23225560 -0.00072331
0.24235594 -0.00060379
0.25245676 -0.00053767
0.26255802 -0.00051699
0.27265472 0.00000044
0.28275354 0.00028366
0.29285271 0.00053186
0.30295258 0.00070288
0.31305337 0.00077124
0.32315277 0.00099435
0.33325697 0.00069371
0.34335604 0.00094987
0.35345505 0.00121554
0.36355189 0.00171756
0.37364971 0.00210961
0.38374869 0.00237832
0.39384573 0.00285555
0.40394355 0.00325154
0.41404220 0.00355628
0.42413835 0.00413059
0.43423664 0.00447523
0.44433405 0.00491491
0.45443303 0.00518055
0.46453336 0.00530186
0.47463288 0.00551204
0.48473264 0.00569310
0.49483268 0.00584571
0.50493189 0.00608706
0.51502865 0.00659820
0.52512559 0.00708919
0.53522408 0.00741107
0.54532509 0.00745880
0.55541950 0.00822632
0.56551739 0.00860785
0.57561525 0.00899919
0.58571367 0.00932831
0.59581490 0.00935253
0.60591291 0.00972691
0.61601472 0.00968679
0.62611364 0.00995648
0.63621404 0.01006957
0.64631417 0.01021314
0.65641518 0.01026034
0.66651576 0.01035551
0.67661653 0.01042912
0.68671582 0.01065753
0.69681616 0.01077756
0.70691537 0.01102118
0.71701477 0.01124453
0.72711671 0.01119028
0.73721585 0.01144162
0.74731645 0.01152803
0.75741679 0.01164857
0.76751880 0.01158616
0.77762089 0.01151612
0.78772301 0.01144274
0.79782284 0.01161209
0.80792632 0.01138965
0.81803059 0.01108170
0.82812994 0.01130994
0.83823282 0.01115357
0.84833367 0.01121850
0.85843858 0.01083364
0.86853981 0.01085780
0.87864525 0.01042159
0.88874973 0.01009085
0.89885396 0.00978619
0.90896034 0.00924869
0.91906771 0.00859469
0.92917666 0.00777650
0.93928690 0.00681698
0.94939940 0.00561075
0.95949947 0.00576085
0.96961340 0.00439863
0.97972181 0.00363205
0.98982888 0.00301895
0.99995252 0.00059683
