1.00000141 0.00000000
0.98990401 0.00330236
0.97980634 0.00635853
0.96970807 0.00881510
0.95961038 0.01185890
0.94951230 0.01454355
0.93941507 0.01799678
0.92931710 0.02078705
0.91921954 0.02394022
0.90912174 0.02683352
0.89902384 0.02967412
0.88892572 0.03232364
0.87882823 0.03555069
0.86873019 0.03826547
0.85863250 0.04131240
0.84853456 0.04406959
0.83843664 0.04689565
0.82833852 0.04954764
0.81824053 0.05231457
0.80814240 0.05495097
0.79804452 0.05781578
0.78794665 0.06063627
0.77784867 0.06341453
0.76775048 0.06599660
0.75765252 0.06879340
0.74755448 0.07151479
0.73745638 0.07412396
0.72735846 0.07695354
0.71726061 0.07985339
0.70716257 0.08257434
0.69706398 0.08479217
0.68696596 0.08753219
0.67686739 0.08971989
0.66676936 0.09244415
0.65667098 0.09485667
0.64657231 0.09700735
0.63647404 0.09951236
0.62637542 0.10170932
0.61627696 0.10399507
0.60617851 0.10634343
0.59607944 0.10811920
0.58598078 0.11027507
0.57588179 0.11213637
0.56578271 0.11390973
0.55568351 0.11551649
0.54558427 0.11714593
0.53548528 0.11899555
0.52538581 0.12042144
0.51528619 0.12169710
0.50518664 0.12304574
0.49508697 0.12424982
0.48498713 0.12533179
0.47488729 0.12638515
0.46478715 0.12719807
0.45468712 0.12809944
0.44458720 0.12908187
0.43448640 0.12929189
0.42438623 0.13006853
0.41428557 0.13038158
0.40418509 0.13087862
0.39408419 0.13099154
0.38398333 0.13111602
0.37388228 0.13109045
0.36378145 0.13124593
0.35368007 0.13092004
0.34357858 0.13050099
0.33347729 0.13023274
0.32337595 0.12995102
0.31327432 0.12939834
0.30317264 0.12877767
0.29307062 0.12787186
0.28296883 0.12717839
0.27286667 0.12611302
0.26276437 0.12495493
0.25266171 0.12346488
0.24255922 0.12211876
0.23245602 0.12012496
0.22235329 0.11856305
0.21224983 0.11633986
0.20214698 0.11467042
0.19204286 0.11183387
0.18193927 0.10948199
0.17183526 0.10676280
0.16173084 0.10366407
0.15162623 0.10038588
0.14152144 0.09694863
0.13141682 0.09366650
0.12131121 0.08948193
0.11120564 0.08533181
0.10109910 0.08030207
0.09099291 0.07558407
0.08088510 0.06939059
0.07077870 0.06448742
0.06066926 0.05681556
0.05056084 0.05006284
0.04045130 0.04229779
0.03034211 0.03485538
0.02023162 0.02621828
0.01011866 0.01533624
0.00000081 0.00000000
0.00000063 -0.00016099
0.01010100 -0.00074920
0.02020201 -0.00076029
0.03030301 -0.00077137
0.04040402 -0.00078246
0.05050502 -0.00079354
0.06060602 -0.00080463
0.07070703 -0.00081572
0.08080803 -0.00082680
0.09090904 -0.00083789
0.10101004 -0.00084898
0.11111105 -0.00086006
0.12121204 -0.00087115
0.13131305 -0.00088223
0.14141405 -0.00089332
0.15151506 -0.00090441
0.16161606 -0.00091549
0.17171706 -0.00092658
0.18181813 -0.00089329
0.19191970 -0.00037696
0.20202082 -0.00027912
0.21212192 -0.00020351
0.22222303 -0.00012999
0.23232427 0.00008482
0.24242582 0.00057567
0.25252704 0.00076482
0.26262836 0.00102637
0.27272981 0.00141893
0.28283093 0.00153280
0.29293253 0.00205035
0.30303392 0.00237966
0.31313528 0.00271086
0.32323683 0.00318871
0.33333809 0.00339986
0.34343960 0.00387479
0.35354085 0.00407524
0.36364230 0.00446386
0.37374384 0.00495759
0.38384496 0.00504420
0.39394640 0.00544766
0.40404810 0.00605507
0.41414935 0.00625912
0.42425080 0.00667242
0.43435252 0.00730667
0.44445390 0.00762636
0.45455550 0.00818337
0.46465651 0.00816859
0.47475801 0.00859846
0.48485944 0.00898747
0.49496089 0.00937662
0.50506234 0.00978691
0.51516401 0.01037262
0.52526513 0.01045767
0.53536659 0.01085872
0.54546810 0.01129396
0.55556949 0.01163239
0.56567092 0.01204924
0.57577235 0.01241819
0.58587361 0.01263068
0.59597500 0.01296152
0.60607632 0.01323257
0.61617762 0.01347656
0.62627897 0.01382754
0.63638009 0.01391787
0.64648134 0.01411502
0.65658261 0.01433970
0.66668360 0.01430906
0.67678481 0.01447196
0.68688576 0.01445906
0.69698676 0.01443405
0.70708822 0.01482855
0.71718917 0.01476271
0.72729025 0.01480908
0.73739101 0.01456971
0.74749184 0.01443891
0.75759309 0.01464651
0.76769384 0.01438878
0.77779451 0.01407225
0.78789522 0.01378252
0.79799589 0.01351385
0.80809654 0.01316856
0.81819714 0.01277457
0.82829785 0.01248814
0.83839822 0.01188730
0.84849880 0.01148223
0.85859911 0.01088719
0.86869942 0.01023238
0.87879984 0.00968038
0.88889997 0.00886618
0.89900007 0.00802084
0.90910060 0.00756996
0.91920020 0.00632619
0.92930030 0.00548261
0.93940047 0.00470230
0.94949992 0.00326004
0.95959986 0.00227394
0.96969915 0.00069034
0.97979948 0.00011253
0.98989872 -0.00151977
0.99999940 -0.00183564
