0.99998822 0.00000000
0.98987290 0.00513853
0.97976378 0.00804477
0.96965734 0.01000203
0.95954912 0.01258223
0.94944187 0.01481389
0.93933339 0.01748846
0.92922381 0.02055783
0.91911501 0.02334545
0.90900809 0.02547888
0.89890058 0.02780259
0.88879211 0.03047404
0.87868529 0.03254796
0.86857730 0.03504587
0.85847016 0.03723616
0.84836337 0.03932328
0.83825664 0.04136673
0.82814979 0.04345376
0.81804385 0.04521225
0.80793737 0.04716516
0.79783167 0.04883526
0.78772471 0.05098544
0.77761894 0.05267997
0.76751266 0.05456288
0.75740701 0.05621632
0.74730114 0.05794801
0.73719626 0.05934717
0.72709230 0.06039291
0.71698601 0.06227752
0.70688061 0.06384081
0.69677491 0.06551379
0.68666913 0.06721434
0.67656504 0.06832833
0.66646085 0.06945677
0.65635583 0.07088275
0.64625062 0.07237812
0.63614616 0.07360231
0.62604145 0.07492020
0.61593729 0.07605889
0.60583288 0.07726550
0.59572946 0.07811452
0.58562569 0.07909231
0.57552134 0.08027597
0.56541773 0.08119654
0.55531404 0.08216702
0.54521046 0.08307511
0.53510729 0.08383403
0.52500378 0.08471818
0.51490079 0.08541282
0.50479783 0.08609848
0.49469448 0.08693549
0.48459155 0.08760917
0.47448960 0.08794127
0.46438646 0.08869134
0.45428336 0.08942341
0.44418158 0.08969363
0.43408011 0.08984408
0.42397735 0.09045480
0.41387532 0.09081723
0.40377336 0.09114209
0.39367224 0.09116340
0.38357059 0.09138666
0.37346995 0.09123670
0.36336995 0.09086588
0.35326804 0.09117229
0.34316775 0.09089376
0.33306761 0.09057277
0.32296743 0.09025655
0.31286782 0.08973401
0.30276879 0.08901259
0.29266967 0.08831395
0.28257053 0.08762523
0.27247156 0.08688140
0.26237326 0.08588906
0.25227493 0.08490571
0.24217710 0.08374659
0.23207976 0.08241176
0.22198285 0.08092214
0.21188514 0.07971468
0.20178861 0.07808981
0.19169220 0.07641765
0.18159654 0.07447810
0.17149905 0.07319476
0.16140514 0.07062335
0.15131007 0.06846878
0.14121518 0.06624649
0.13111959 0.06428358
0.12102553 0.06176286
0.11093183 0.05911810
0.10083824 0.05643019
0.09074548 0.05344270
0.08065405 0.04997663
0.07056285 0.04642871
0.06047126 0.04301944
0.05038223 0.03869035
0.04029479 0.03378589
0.03020881 0.02835862
0.02012403 0.02249573
0.01004180 0.01571777
-0.00001563 0.00000000
-0.00001690 0.00045693
0.01010097 -0.00560273
0.02020194 -0.00557470
0.03030291 -0.00554666
0.04040388 -0.00551863
0.05050485 -0.00549059
0.06060583 -0.00546256
0.07070680 -0.00543452
0.08080777 -0.00540649
0.09090874 -0.00537845
0.10100691 -0.00434301
0.11110584 -0.00357675
0.12120348 -0.00235048
0.13130218 -0.00150435
0.14140104 -0.00071555
0.15149843 0.00060554
0.16159751 0.00131378
0.17169546 0.00242835
0.18179453 0.00314505
0.19189271 0.00417686
0.20199242 0.00465893
0.21209183 0.00524746
0.22219132 0.00581160
0.23229104 0.00629078
0.24239042 0.00688959
0.25249017 0.00735539
0.26259022 0.00772058
0.27268934 0.00841869
0.28278808 0.00924283
0.29288770 0.00976105
0.30298756 0.01019392
0.31308750 0.01058721
0.32318664 0.01127715
0.33328726 0.01143426
0.34338705 0.01188021
0.35348723 0.01219879
0.36358700 0.01266301
0.37368757 0.01282695
0.38378738 0.01327925
0.39388779 0.01350180
0.40398783 0.01387039
0.41408834 0.01406591
0.42418893 0.01422397
0.43428957 0.01437521
0.44439025 0.01451295
0.45449170 0.01435993
0.46459191 0.01466728
0.47469304 0.01464044
0.48479388 0.01471134
0.49489539 0.01454631
0.50499701 0.01433402
0.51509807 0.01433533
0.52519989 0.01405941
0.53530074 0.01413739
0.54540203 0.01405143
0.55550360 0.01386871
0.56560482 0.01378975
0.57570631 0.01363299
0.58580753 0.01357495
0.59590894 0.01344963
0.60601105 0.01307047
0.61611214 0.01305935
0.62621370 0.01285961
0.63631543 0.01261766
0.64641718 0.01236911
0.65651867 0.01221168
0.66662041 0.01196604
0.67672209 0.01174407
0.68682455 0.01121760
0.69692636 0.01094586
0.70702708 0.01107117
0.71712818 0.01105513
0.72723055 0.01058177
0.73733186 0.01049137
0.74743392 0.01011025
0.75753564 0.00987338
0.76763782 0.00946764
0.77773934 0.00930047
0.78784159 0.00887346
0.79794382 0.00842907
0.80804488 0.00842948
0.81814641 0.00826177
0.82824944 0.00754854
0.83835088 0.00741135
0.84845356 0.00682763
0.85855654 0.00611687
0.86865900 0.00561169
0.87876213 0.00486439
0.88886476 0.00430010
0.89896797 0.00352452
0.90906987 0.00322056
0.91917321 0.00237822
0.92927613 0.00170787
0.93937857 0.00121065
0.94948186 0.00040619
0.95958446 -0.00014975
0.96968779 -0.00096640
0.97978890 -0.00100622
0.98989057 -0.00122695
0.99999435 -0.00220727
