0.99998289 -0.00000000
0.98986426 0.00298000
0.97974769 0.00560825
0.96962981 0.00846983
0.95952052 0.00985406
0.94940792 0.01180405
0.93929638 0.01357151
0.92918313 0.01563221
0.91907231 0.01727826
0.90895951 0.01927215
0.89885008 0.02067948
0.88873836 0.02247951
0.87862719 0.02418435
0.86851602 0.02588911
0.85840591 0.02741371
0.84829308 0.02941240
0.83818183 0.03113134
0.82807029 0.03289957
0.81795923 0.03458599
0.80784683 0.03650192
0.79773625 0.03810633
0.78762477 0.03987513
0.77751331 0.04162968
0.76740186 0.04338328
0.75729115 0.04500939
0.74717960 0.04677991
0.73706900 0.04839794
0.72695778 0.05011185
0.71684629 0.05187084
0.70673457 0.05367081
0.69662452 0.05518450
0.68651263 0.05701362
0.67640183 0.05866556
0.66629002 0.06048026
0.65618116 0.06178975
0.64607055 0.06339976
0.63596119 0.06479523
0.62585085 0.06635804
0.61574215 0.06765188
0.60563266 0.06906941
0.59552467 0.07023123
0.58541681 0.07137058
0.57530850 0.07258790
0.56520133 0.07360876
0.55509397 0.07467322
0.54498654 0.07574022
0.53487923 0.07678516
0.52477274 0.07769003
0.51466660 0.07853610
0.50455877 0.07967081
0.49445274 0.08050139
0.48434641 0.08138069
0.47424114 0.08208181
0.46413517 0.08289829
0.45403105 0.08339839
0.44392555 0.08414010
0.43382139 0.08464768
0.42371763 0.08508488
0.41361508 0.08532308
0.40350985 0.08601219
0.39340826 0.08607984
0.38330563 0.08633044
0.37320263 0.08664050
0.36310126 0.08667543
0.35300021 0.08665084
0.34290005 0.08647460
0.33279971 0.08633259
0.32269894 0.08626026
0.31259972 0.08592428
0.30249994 0.08568720
0.29240127 0.08525603
0.28230105 0.08509007
0.27220388 0.08440641
0.26210651 0.08375399
0.25200934 0.08306605
0.24191215 0.08238460
0.23181704 0.08134729
0.22172095 0.08047791
0.21162590 0.07942775
0.20153039 0.07845827
0.19143727 0.07708089
0.18134354 0.07580907
0.17125190 0.07417542
0.16116027 0.07254336
0.15106963 0.07074193
0.14097942 0.06886427
0.13089232 0.06645842
0.12080092 0.06478648
0.11071460 0.06224594
0.10062648 0.06001271
0.09054565 0.05653550
0.08046927 0.05229586
0.07039057 0.04845256
0.06031094 0.04476828
0.05023493 0.04046684
0.04016334 0.03540786
0.03009331 0.03008389
0.02002808 0.02393839
0.00997790 0.01522026
-0.00003423 0.00000000
-0.00003026 -0.00067874
0.01010084 -0.00579148
0.02020167 -0.00573238
0.03030251 -0.00567328
0.04040335 -0.00561419
0.05050419 -0.00555509
0.06060502 -0.00549599
0.07070386 -0.00509483
0.08080186 -0.00455083
0.09089095 -0.00248375
0.10098413 -0.00111671
0.11107726 0.00026067
0.12117357 0.00109328
0.13126863 0.00214021
0.14136443 0.00305873
0.15146089 0.00386854
0.16155640 0.00483731
0.17165395 0.00545659
0.18175089 0.00618384
0.19184869 0.00676146
0.20194555 0.00749867
0.21204417 0.00793628
0.22214289 0.00835892
0.23224139 0.00881698
0.24233961 0.00932307
0.25243958 0.00952990
0.26253855 0.00990978
0.27263793 0.01021868
0.28273817 0.01037618
0.29283867 0.01049497
0.30293831 0.01076041
0.31303883 0.01087083
0.32313888 0.01106674
0.33323977 0.01111809
0.34334027 0.01123131
0.35344204 0.01113347
0.36354262 0.01123772
0.37364379 0.01123587
0.38374545 0.01115612
0.39384735 0.01103044
0.40394860 0.01102115
0.41405106 0.01080511
0.42415317 0.01064245
0.43425604 0.01035579
0.44435873 0.01010042
0.45446109 0.00989541
0.46456411 0.00958353
0.47466793 0.00913436
0.48477187 0.00866024
0.49487577 0.00819730
0.50497911 0.00782534
0.51508324 0.00732426
0.52518649 0.00697221
0.53528900 0.00674750
0.54539253 0.00634825
0.55549675 0.00582981
0.56559866 0.00569830
0.57570072 0.00554962
0.58580249 0.00545061
0.59590589 0.00507311
0.60600990 0.00459143
0.61611097 0.00461283
0.62621371 0.00433939
0.63631681 0.00401241
0.64641738 0.00411895
0.65652063 0.00376741
0.66662248 0.00365613
0.67672546 0.00335018
0.68682817 0.00308038
0.69693042 0.00290071
0.70703336 0.00260072
0.71713667 0.00224036
0.72723843 0.00214234
0.73734097 0.00191245
0.74744122 0.00206274
0.75754410 0.00177587
0.76764544 0.00175030
0.77774838 0.00145082
0.78785008 0.00136529
0.79795264 0.00112190
0.80805473 0.00096865
0.81815763 0.00067636
0.82826031 0.00042203
0.83836272 0.00021449
0.84846559 -0.00007226
0.85856743 -0.00019240
0.86866999 -0.00042735
0.87877283 -0.00070916
0.88887368 -0.00065006
0.89897453 -0.00059097
0.90907538 -0.00053187
0.91917617 -0.00047277
0.92927701 -0.00041368
0.93937786 -0.00035458
0.94947817 -0.00020307
0.95957688 0.00022125
0.96967765 0.00029301
0.97977288 0.00130273
0.98986835 0.00227972
0.99997756 0.00091089
