1.00000133 0.00000000
0.98990094 0.00389139
0.97980030 0.00621076
0.96969980 0.00900170
0.95959921 0.01165001
0.94949861 0.01421156
0.93939804 0.01698318
0.92929737 0.01912845
0.91919678 0.02176654
0.90909617 0.02391789
0.89899548 0.02595810
0.88889484 0.02827453
0.87879416 0.03038010
0.86869350 0.03255607
0.85859280 0.03451081
0.84849214 0.03637892
0.83839146 0.03842862
0.82829073 0.04022428
0.81818998 0.04186926
0.80808931 0.04404677
0.79798861 0.04597985
0.78788795 0.04783679
0.77778721 0.04954757
0.76768651 0.05150097
0.75758575 0.05311785
0.74748504 0.05498962
0.73738436 0.05670929
0.72728362 0.05845407
0.71718287 0.06011014
0.70708210 0.06165778
0.69698132 0.06312949
0.68688059 0.06490465
0.67677991 0.06662694
0.66667910 0.06793357
0.65657833 0.06946062
0.64647756 0.07096422
0.63637678 0.07244174
0.62627605 0.07419609
0.61617525 0.07522199
0.60607447 0.07669101
0.59597367 0.07803389
0.58587287 0.07940102
0.57577205 0.08062894
0.56567120 0.08166533
0.55557046 0.08298883
0.54546963 0.08419941
0.53536873 0.08488690
0.52526792 0.08619961
0.51516704 0.08704988
0.50506618 0.08803310
0.49496531 0.08880353
0.48486438 0.08931191
0.47476357 0.09045329
0.46466263 0.09092120
0.45456173 0.09168516
0.44446083 0.09225413
0.43435990 0.09275959
0.42425897 0.09333749
0.41415802 0.09357297
0.40405710 0.09417418
0.39395609 0.09423639
0.38385517 0.09467798
0.37375413 0.09456439
0.36365318 0.09482377
0.35355217 0.09490213
0.34345113 0.09475807
0.33335009 0.09444143
0.32324903 0.09425315
0.31314797 0.09396110
0.30304692 0.09362250
0.29294583 0.09319472
0.28284472 0.09263943
0.27274358 0.09172927
0.26264247 0.09120652
0.25254130 0.09024141
0.24244019 0.08965116
0.23233898 0.08835533
0.22223775 0.08699463
0.21213652 0.08572643
0.20203528 0.08428824
0.19193397 0.08243690
0.18183277 0.08123633
0.17173141 0.07915515
0.16163008 0.07715465
0.15152876 0.07521080
0.14142735 0.07286165
0.13132600 0.07077341
0.12122458 0.06826844
0.11112312 0.06546665
0.10102166 0.06275682
0.09092016 0.05972144
0.08081852 0.05588690
0.07071691 0.05219461
0.06061522 0.04802599
0.05051348 0.04354862
0.04041167 0.03863125
0.03030969 0.03273570
0.02020760 0.02610497
0.01010499 0.01629343
0.00000132 0.00000000
0.00000132 0.00000539
0.01010126 -0.00656126
0.02020202 -0.00806504
0.03030303 -0.00804436
0.04040404 -0.00806833
0.05050511 -0.00769620
0.06060618 -0.00730089
0.07070734 -0.00637023
0.08080836 -0.00635882
0.09090954 -0.00531569
0.10101061 -0.00496839
0.11111168 -0.00460648
0.12121269 -0.00456366
0.13131371 -0.00449286
0.14141476 -0.00428041
0.15151579 -0.00418160
0.16161681 -0.00408052
0.17171781 -0.00414913
0.18181884 -0.00408069
0.19191986 -0.00396071
0.20202085 -0.00411588
0.21212187 -0.00400609
0.22222289 -0.00400134
0.23232390 -0.00399509
0.24242492 -0.00386188
0.25252594 -0.00379022
0.26262696 -0.00382101
0.27272801 -0.00360761
0.28282899 -0.00370469
0.29292998 -0.00387168
0.30303101 -0.00381804
0.31313207 -0.00337886
0.32323307 -0.00349757
0.33333409 -0.00348813
0.34343510 -0.00337919
0.35353612 -0.00341150
0.36363713 -0.00345994
0.37373818 -0.00311272
0.38383918 -0.00321555
0.39394016 -0.00329117
0.40404124 -0.00291388
0.41414226 -0.00291124
0.42424322 -0.00314094
0.43434426 -0.00298929
0.44444531 -0.00284636
0.45454626 -0.00304659
0.46464727 -0.00310173
0.47474832 -0.00292531
0.48484927 -0.00319372
0.49495026 -0.00335925
0.50505131 -0.00304360
0.51515231 -0.00315501
0.52525329 -0.00340560
0.53535435 -0.00313458
0.54545535 -0.00326722
0.55555631 -0.00363481
0.56565735 -0.00319327
0.57575830 -0.00357439
0.58585933 -0.00352183
0.59596037 -0.00339971
0.60606136 -0.00357502
0.61616241 -0.00342965
0.62626333 -0.00368521
0.63636438 -0.00351318
0.64646537 -0.00365329
0.65656635 -0.00394736
0.66666742 -0.00361424
0.67676841 -0.00378951
0.68686937 -0.00382907
0.69697037 -0.00394358
0.70707140 -0.00386506
0.71717241 -0.00393156
0.72727338 -0.00425862
0.73737441 -0.00417468
0.74747542 -0.00392021
0.75757641 -0.00410243
0.76767741 -0.00418204
0.77777844 -0.00414674
0.78787947 -0.00410106
0.79798038 -0.00443092
0.80808147 -0.00396402
0.81818248 -0.00402465
0.82828346 -0.00426138
0.83838453 -0.00399677
0.84848547 -0.00448972
0.85858650 -0.00408039
0.86868750 -0.00417690
0.87878853 -0.00412571
0.88888959 -0.00388137
0.89899056 -0.00416787
0.90909162 -0.00397241
0.91919262 -0.00372798
0.92929364 -0.00372194
0.93939463 -0.00388050
0.94949569 -0.00362683
0.95959674 -0.00348853
0.96969771 -0.00377074
0.97979870 -0.00361178
0.98989982 -0.00298040
1.00000071 -0.00376827
