0.99998287 0.00000000
0.98986951 0.00207836
0.97975663 0.00407503
0.96965096 0.00485030
0.95953854 0.00676963
0.94942934 0.00813698
0.93931923 0.00966018
0.92920872 0.01125244
0.91909954 0.01261710
0.90899159 0.01378156
0.89888309 0.01502943
0.88877359 0.01644982
0.87866464 0.01777344
0.86855679 0.01891111
0.85844868 0.02009317
0.84834060 0.02128060
0.83823185 0.02257186
0.82812457 0.02361187
0.81801674 0.02474515
0.80790907 0.02585095
0.79780159 0.02692659
0.78769380 0.02806229
0.77758618 0.02916136
0.76747873 0.03022943
0.75737158 0.03124842
0.74726408 0.03232535
0.73715819 0.03313802
0.72704892 0.03451779
0.71694365 0.03521412
0.70683672 0.03619419
0.69673031 0.03708506
0.68662328 0.03808251
0.67651673 0.03900798
0.66641010 0.03993763
0.65630400 0.04077533
0.64619633 0.04188218
0.63609109 0.04257404
0.62598385 0.04360692
0.61587787 0.04443553
0.60577069 0.04545694
0.59566508 0.04621132
0.58555834 0.04716028
0.57545295 0.04787618
0.56534594 0.04887142
0.55524079 0.04955616
0.54513416 0.05048634
0.53502862 0.05122856
0.52492268 0.05203891
0.51481740 0.05273693
0.50471141 0.05355679
0.49460592 0.05429651
0.48450067 0.05498991
0.47439632 0.05553443
0.46429103 0.05623305
0.45418669 0.05677149
0.44408232 0.05731937
0.43397784 0.05788061
0.42387381 0.05836591
0.41377034 0.05875912
0.40366658 0.05919763
0.39356324 0.05956536
0.38346045 0.05984253
0.37335701 0.06022602
0.36325395 0.06055054
0.35315130 0.06079987
0.34305034 0.06075968
0.33294827 0.06091376
0.32284605 0.06109055
0.31274526 0.06102071
0.30264421 0.06100104
0.29254386 0.06085791
0.28244390 0.06064680
0.27234406 0.06042029
0.26224636 0.05982325
0.25214679 0.05954639
0.24204868 0.05902162
0.23195163 0.05831714
0.22185590 0.05738516
0.21175902 0.05664951
0.20166174 0.05598264
0.19156830 0.05466130
0.18147232 0.05377229
0.17137854 0.05250622
0.16128444 0.05129699
0.15119225 0.04976009
0.14109911 0.04838546
0.13100647 0.04692598
0.12091555 0.04517150
0.11082475 0.04339851
0.10073542 0.04137375
0.09064675 0.03923530
0.08056022 0.03673207
0.07047315 0.03431977
0.06038682 0.03178248
0.05030453 0.02855481
0.04022176 0.02540888
0.03014579 0.02110026
0.02006802 0.01710015
0.01000514 0.01055746
-0.00003426 0.00000000
-0.00003376 -0.00008413
0.01009128 -0.00416103
0.02019898 -0.00527440
0.03030251 -0.00567545
0.04040335 -0.00561633
0.05050418 -0.00555721
0.06060409 -0.00533967
0.07070166 -0.00472269
0.08080061 -0.00434060
0.09089715 -0.00354589
0.10099144 -0.00236995
0.11108736 -0.00146949
0.12118329 -0.00057226
0.13127803 0.00052868
0.14137217 0.00173174
0.15146486 0.00318353
0.16155734 0.00466988
0.17165018 0.00609479
0.18174300 0.00752566
0.19183597 0.00892779
0.20192893 0.01033154
0.21202294 0.01155663
0.22211778 0.01264176
0.23221171 0.01388050
0.24230530 0.01517749
0.25239997 0.01628889
0.26249512 0.01732148
0.27259030 0.01834919
0.28268601 0.01928138
0.29278127 0.02029461
0.30287634 0.02134011
0.31297155 0.02235750
0.32306742 0.02326761
0.33316386 0.02407923
0.34326072 0.02481467
0.35335790 0.02549996
0.36345587 0.02605143
0.37355428 0.02652226
0.38365018 0.02742608
0.39374940 0.02775908
0.40384754 0.02827992
0.41394798 0.02840964
0.42404725 0.02873274
0.43414716 0.02895223
0.44424678 0.02922017
0.45434711 0.02936249
0.46444711 0.02956654
0.47454728 0.02974239
0.48464859 0.02971732
0.49474870 0.02990149
0.50485078 0.02974451
0.51495113 0.02988934
0.52505281 0.02980681
0.53515438 0.02974106
0.54525659 0.02956779
0.55535842 0.02945906
0.56546165 0.02910152
0.57556247 0.02916464
0.58566554 0.02884360
0.59576758 0.02869921
0.60586989 0.02850886
0.61597478 0.02787705
0.62607639 0.02779562
0.63618015 0.02735646
0.64628435 0.02684276
0.65638675 0.02663768
0.66649065 0.02617452
0.67659533 0.02557887
0.68669931 0.02509354
0.69680248 0.02475480
0.70690715 0.02416147
0.71701325 0.02332314
0.72711727 0.02284058
0.73722264 0.02212649
0.74732658 0.02164599
0.75743188 0.02094543
0.76753668 0.02032951
0.77764136 0.01973245
0.78774612 0.01912318
0.79785151 0.01839690
0.80795542 0.01793291
0.81806152 0.01709389
0.82816793 0.01620263
0.83827396 0.01537666
0.84837803 0.01488585
0.85848435 0.01399930
0.86858973 0.01328342
0.87869563 0.01247981
0.88880163 0.01165864
0.89890754 0.01085229
0.90901433 0.00989534
0.91912021 0.00908443
0.92922551 0.00838390
0.93933165 0.00753788
0.94943800 0.00665773
0.95954284 0.00603397
0.96964909 0.00517049
0.97975039 0.00514193
0.98985240 0.00500197
0.99995944 0.00400390
