0.99964069 0.00000000
0.98949936 0.00148124
0.97935076 0.00325216
0.96921141 0.00465663
0.95906807 0.00621768
0.94893222 0.00748036
0.93879380 0.00884512
0.92865004 0.01042342
0.91850655 0.01199047
0.90836951 0.01330284
0.89822454 0.01492915
0.88809316 0.01601325
0.87794690 0.01769086
0.86780812 0.01907050
0.85767060 0.02039944
0.84752880 0.02190166
0.83738735 0.02338752
0.82725320 0.02458203
0.81711934 0.02576555
0.80697442 0.02738956
0.79684090 0.02855905
0.78670558 0.02980311
0.77656098 0.03141455
0.76642496 0.03268373
0.75628410 0.03414611
0.74615121 0.03529048
0.73600738 0.03687382
0.72587572 0.03796892
0.71573193 0.03954818
0.70559976 0.04066410
0.69546563 0.04185793
0.68533008 0.04310830
0.67520271 0.04403492
0.66506793 0.04525494
0.65492664 0.04673448
0.64479306 0.04790641
0.63465845 0.04911955
0.62452463 0.05030110
0.61439583 0.05128459
0.60426088 0.05251108
0.59413422 0.05340724
0.58400623 0.05435614
0.57387331 0.05550183
0.56374137 0.05660827
0.55361462 0.05751040
0.54348494 0.05852675
0.53336372 0.05920570
0.52323509 0.06018058
0.51310706 0.06113094
0.50298599 0.06180408
0.49285626 0.06282371
0.48272953 0.06372253
0.47260588 0.06449938
0.46248506 0.06516265
0.45236280 0.06588319
0.44223929 0.06665479
0.43212063 0.06723176
0.42200368 0.06774014
0.41188731 0.06822713
0.40177419 0.06858283
0.39166145 0.06892398
0.38154815 0.06928817
0.37144120 0.06939816
0.36132811 0.06975403
0.35122424 0.06974121
0.34111353 0.07000077
0.33101483 0.06978306
0.32090783 0.06989484
0.31080492 0.06984345
0.30070484 0.06968074
0.29060660 0.06944308
0.28050622 0.06929086
0.27040822 0.06904504
0.26031481 0.06861488
0.25022454 0.06805948
0.24013305 0.06755359
0.23004529 0.06689841
0.21996274 0.06603575
0.20987602 0.06533909
0.19979046 0.06459617
0.18971509 0.06344741
0.17964165 0.06222125
0.16957310 0.06079961
0.15950817 0.05923411
0.14944291 0.05768213
0.13938363 0.05589070
0.12932018 0.05426632
0.11925860 0.05256663
0.10921125 0.05030025
0.09915618 0.04834136
0.08910581 0.04619507
0.07908460 0.04288572
0.06904961 0.04012605
0.05903976 0.03636344
0.04902029 0.03298485
0.03902047 0.02882247
0.02903555 0.02406575
0.01907320 0.01840893
0.00912939 0.01201303
-0.00067359 0.00000000
-0.00064967 -0.00095409
0.00966090 -0.00918531
0.01986295 -0.01308869
0.03002347 -0.01533555
0.04015403 -0.01638760
0.05026158 -0.01652187
0.06036505 -0.01649338
0.07049679 -0.01759229
0.08061123 -0.01800111
0.09068987 -0.01698224
0.10078121 -0.01647031
0.11089219 -0.01674115
0.12098070 -0.01611588
0.13106978 -0.01551373
0.14115252 -0.01465843
0.15123300 -0.01371253
0.16132955 -0.01340816
0.17141016 -0.01246825
0.18149738 -0.01179123
0.19159218 -0.01141699
0.20166849 -0.01030553
0.21175959 -0.00978376
0.22185761 -0.00953755
0.23194504 -0.00886944
0.24203770 -0.00841006
0.25213683 -0.00820868
0.26222791 -0.00768554
0.27232269 -0.00731009
0.28242705 -0.00731789
0.29252239 -0.00696490
0.30261152 -0.00636400
0.31271176 -0.00620728
0.32280423 -0.00573968
0.33289979 -0.00539550
0.34299569 -0.00506578
0.35308744 -0.00456937
0.36318379 -0.00425654
0.37328168 -0.00400609
0.38337688 -0.00364750
0.39347444 -0.00338398
0.40356882 -0.00299270
0.41367049 -0.00289203
0.42377237 -0.00280083
0.43386529 -0.00235125
0.44396954 -0.00235312
0.45406716 -0.00209219
0.46417027 -0.00204892
0.47426572 -0.00170028
0.48436103 -0.00134708
0.49447009 -0.00154097
0.50456295 -0.00109008
0.51466067 -0.00083186
0.52476409 -0.00080093
0.53486108 -0.00051360
0.54496189 -0.00037857
0.55506741 -0.00043163
0.56516605 -0.00021253
0.57526253 0.00009539
0.58536909 0.00000110
0.59546423 0.00036234
0.60557274 0.00019002
0.61567136 0.00041243
0.62577207 0.00054883
0.63587663 0.00053462
0.64598212 0.00048285
0.65608910 0.00037157
0.66619389 0.00034783
0.67629119 0.00062301
0.68639719 0.00054859
0.69650196 0.00052553
0.70660864 0.00042665
0.71671723 0.00025118
0.72681467 0.00052057
0.73692329 0.00034423
0.74702507 0.00043796
0.75713258 0.00030578
0.76723799 0.00025737
0.77734189 0.00026920
0.78745146 0.00005472
0.79755183 0.00020518
0.80766142 -0.00001007
0.81775902 0.00025292
0.82787190 -0.00009345
0.83797664 -0.00011534
0.84808534 -0.00029475
0.85818638 -0.00017167
0.86829856 -0.00048994
0.87840641 -0.00063584
0.88850461 -0.00039674
0.89861754 -0.00074523
0.90872504 -0.00087670
0.91883198 -0.00098886
0.92893975 -0.00113124
0.93904298 -0.00109289
0.94914894 -0.00116302
0.95924289 -0.00075476
0.96936011 -0.00127420
0.97947338 -0.00163838
0.98956804 -0.00125831
0.99968582 -0.00179976
